  0
SECTION
  2
HEADER
  9
$ACADVER
  1
AC1009
  9
$EXTMIN
 10
0.0
 20
0.0
 30
0.0
  9
$EXTMAX
 10
100.0
 20
100.0
 30
0.0
  9
$INSBASE
 10
0.0
 20
0.0
 30
0.0
  0
ENDSEC
  0
SECTION
  2
TABLES
  0
TABLE
  2
LTYPE
 70
19
  0
LTYPE
  2
PHANTOM
 70
0
  3
Phantom ______  __  __  ______  __  __  ______
 72
65
 73
6
 40
2.5
 49
1.25
 49
-0.25
 49
0.25
 49
-0.25
 49
0.25
 49
-0.25
  0
LTYPE
  2
DOT2
 70
0
  3
Dot (.5) . . . . . . . . . . . . . . . . . . . 
 72
65
 73
2
 40
0.1
 49
0.0
 49
-0.1
  0
LTYPE
  2
DIVIDE
 70
0
  3
Divide __ . . __ . . __ . . __ . . __ . . __
 72
65
 73
6
 40
1.6
 49
1.0
 49
-0.2
 49
0.0
 49
-0.2
 49
0.0
 49
-0.2
  0
LTYPE
  2
DIVIDEX2
 70
0
  3
Divide (2x) ____  . .  ____  . .  ____  . .  ____
 72
65
 73
6
 40
2.6
 49
2.0
 49
-0.2
 49
0.0
 49
-0.2
 49
0.0
 49
-0.2
  0
LTYPE
  2
CENTER
 70
0
  3
Center ____ _ ____ _ ____ _ ____ _ ____ _ ____
 72
65
 73
4
 40
2.0
 49
1.25
 49
-0.25
 49
0.25
 49
-0.25
  0
LTYPE
  2
DASHDOT
 70
0
  3
Dash dot __ . __ . __ . __ . __ . __ . __ . __
 72
65
 73
4
 40
1.4
 49
1.0
 49
-0.2
 49
0.0
 49
-0.2
  0
LTYPE
  2
CENTERX2
 70
0
  3
Center (2x) ________  __  ________  __  ________
 72
65
 73
4
 40
3.5
 49
2.5
 49
-0.25
 49
0.5
 49
-0.25
  0
LTYPE
  2
PHANTOMX2
 70
0
  3
Phantom (2x)____________    ____    ____    ____________
 72
65
 73
6
 40
4.25
 49
2.5
 49
-0.25
 49
0.5
 49
-0.25
 49
0.5
 49
-0.25
  0
LTYPE
  2
CONTINUOUS
 70
0
  3
Solid
 72
65
 73
0
 40
0.0
  0
LTYPE
  2
PHANTOM2
 70
0
  3
Phantom (.5x) ___ _ _ ___ _ _ ___ _ _ ___ _ _ ___
 72
65
 73
6
 40
1.25
 49
0.625
 49
-0.125
 49
0.125
 49
-0.125
 49
0.125
 49
-0.125
  0
LTYPE
  2
DASHED
 70
0
  3
Dashed __ __ __ __ __ __ __ __ __ __ __ __ __ _
 72
65
 73
2
 40
0.6
 49
0.5
 49
-0.1
  0
LTYPE
  2
DASHED2
 70
0
  3
Dashed (.5x) _ _ _ _ _ _ _ _ _ _ _ _ _ _
 72
65
 73
2
 40
0.3
 49
0.25
 49
-0.05
  0
LTYPE
  2
DASHDOT2
 70
0
  3
Dash dot (.5x) _ . _ . _ . _ . _ . _ . _ . _
 72
65
 73
4
 40
0.7
 49
0.5
 49
-0.1
 49
0.0
 49
-0.1
  0
LTYPE
  2
DOTX2
 70
0
  3
Dot (2x) .    .    .    .    .    .    .    . 
 72
65
 73
2
 40
0.4
 49
0.0
 49
-0.4
  0
LTYPE
  2
DIVIDE2
 70
0
  3
Divide(.5x) _ . _ . _ . _ . _ . _ . _ . _
 72
65
 73
6
 40
0.8
 49
0.5
 49
-0.1
 49
0.0
 49
-0.1
 49
0.0
 49
-0.1
  0
LTYPE
  2
CENTER2
 70
0
  3
Center (.5x) ____ _ ____ _ ____ _ ____ _ ____
 72
65
 73
4
 40
1.0
 49
0.625
 49
-0.125
 49
0.125
 49
-0.125
  0
LTYPE
  2
DASHDOTX2
 70
0
  3
Dash dot (2x) ____  .  ____  .  ____  .  ____
 72
65
 73
4
 40
2.4
 49
2.0
 49
-0.2
 49
0.0
 49
-0.2
  0
LTYPE
  2
DOT
 70
0
  3
Dot .  .  .  .  .  .  .  .  .  .  .  .  .  .  .  .
 72
65
 73
2
 40
0.2
 49
0.0
 49
-0.2
  0
LTYPE
  2
DASHEDX2
 70
0
  3
Dashed (2x) ____  ____  ____  ____  ____  ____
 72
65
 73
2
 40
1.2
 49
1.0
 49
-0.2
  0
ENDTAB
  0
TABLE
  2
LAYER
 70
5
  0
LAYER
  2
VIEWPORTS
 70
0
 62
7
  6
CONTINUOUS
  0
LAYER
  2
TABLEGRID
 70
0
 62
1
  6
CONTINUOUS
  0
LAYER
  2
TABLECONTENT
 70
0
 62
1
  6
CONTINUOUS
  0
LAYER
  2
DIMENSIONS
 70
0
 62
1
  6
CONTINUOUS
  0
LAYER
  2
TABLEBACKGROUND
 70
0
 62
1
  6
CONTINUOUS
  0
ENDTAB
  0
TABLE
  2
STYLE
 70
12
  0
STYLE
  2
TIMES
 70
0
 40
0.0
 41
1.0
 42
1.0
 50
0.0
 71
0
  3
times.ttf
  4

  0
STYLE
  2
ARIAL
 70
0
 40
0.0
 41
1.0
 42
1.0
 50
0.0
 71
0
  3
arial.ttf
  4

  0
STYLE
  2
TIMES_BOLD
 70
0
 40
0.0
 41
1.0
 42
1.0
 50
0.0
 71
0
  3
timesbd.ttf
  4

  0
STYLE
  2
ARIAL_BLACK
 70
0
 40
0.0
 41
1.0
 42
1.0
 50
0.0
 71
0
  3
ariblk.ttf
  4

  0
STYLE
  2
TIMES_ITALIC
 70
0
 40
0.0
 41
1.0
 42
1.0
 50
0.0
 71
0
  3
timesi.ttf
  4

  0
STYLE
  2
ISOCPEUR
 70
0
 40
0.0
 41
1.0
 42
1.0
 50
0.0
 71
0
  3
isocpeur.ttf
  4

  0
STYLE
  2
ARIAL_BOLD
 70
0
 40
0.0
 41
1.0
 42
1.0
 50
0.0
 71
0
  3
arialbd.ttf
  4

  0
STYLE
  2
ARIAL_ITALIC
 70
0
 40
0.0
 41
1.0
 42
1.0
 50
0.0
 71
0
  3
ariali.ttf
  4

  0
STYLE
  2
ARIAL_BOLD_ITALIC
 70
0
 40
0.0
 41
1.0
 42
1.0
 50
0.0
 71
0
  3
arialbi.ttf
  4

  0
STYLE
  2
TIMES_BOLD_ITALIC
 70
0
 40
0.0
 41
1.0
 42
1.0
 50
0.0
 71
0
  3
timesbi.ttf
  4

  0
STYLE
  2
ISOCPEUR_ITALIC
 70
0
 40
0.0
 41
1.0
 42
1.0
 50
0.0
 71
0
  3
isocpeui.ttf
  4

  0
STYLE
  2
STANDARD
 70
0
 40
0.0
 41
1.0
 42
1.0
 50
0.0
 71
0
  3
arial.ttf
  4

  0
ENDTAB
  0
TABLE
  2
VIEW
 70
0
  0
ENDTAB
  0
TABLE
  2
APPID
 70
1
  0
APPID
  2
DXFWRITE
 70
0
  0
ENDTAB
  0
TABLE
  2
VPORT
 70
0
  0
ENDTAB
  0
TABLE
  2
UCS
 70
0
  0
ENDTAB
  0
ENDSEC
  0
SECTION
  2
BLOCKS
  0
ENDSEC
  0
SECTION
  2
ENTITIES
  0
VIEWPORT
  8
VIEWPORTS
 67
1
 10
0.0
 20
0.0
 30
0.0
 40
1.0
 41
1.0
 68
1
 69
1
1001
ACAD
1000
MVIEW
1002
{
1070
16
1010
0.0
1020
0.0
1030
0.0
1010
0.0
1020
0.0
1030
0.0
1040
0.0
1040
1.0
1040
0.0
1040
0.0
1040
50.0
1040
0.0
1040
0.0
1070
0
1070
100
1070
1
1070
3
1070
0
1070
0
1070
0
1070
0
1040
0.0
1040
0.0
1040
0.0
1040
0.1
1040
0.1
1040
0.1
1040
0.1
1070
0
1002
{
1002
}
1002
}
  0
LINE
  8
0
 10
0.129409522551
 20
-0.482962913145
 30
0.0
 11
0.0326254020083
 21
-0.527338976416
 31
0.0
  0
LINE
  8
0
 10
0.0326254020083
 20
-0.527338976416
 30
0.0
 11
-0.0707754107342
 21
-0.552134520243
 31
0.0
  0
LINE
  8
0
 10
-0.0707754107342
 20
-0.552134520243
 30
0.0
 11
-0.176843258448
 21
-0.557545592558
 31
0.0
  0
LINE
  8
0
 10
-0.176843258448
 20
-0.557545592558
 30
0.0
 11
-0.282116273303
 21
-0.544395291755
 31
0.0
  0
LINE
  8
0
 10
-0.282116273303
 20
-0.544395291755
 30
0.0
 11
-0.383639602983
 21
-0.513961383739
 31
0.0
  0
LINE
  8
0
 10
-0.383639602983
 20
-0.513961383739
 30
0.0
 11
-0.478956533023
 21
-0.467834633005
 31
0.0
  0
LINE
  8
0
 10
-0.478956533023
 20
-0.467834633005
 30
0.0
 11
-0.566081964549
 21
-0.407804530143
 31
0.0
  0
LINE
  8
0
 10
-0.566081964549
 20
-0.407804530143
 30
0.0
 11
-0.643465579018
 21
-0.335768678063
 31
0.0
  0
LINE
  8
0
 10
-0.643465579018
 20
-0.335768678063
 30
0.0
 11
-0.709949751055
 21
-0.25366215926
 31
0.0
  0
LINE
  8
0
 10
-0.709949751055
 20
-0.25366215926
 30
0.0
 11
-0.764725637196
 21
-0.163403502639
 31
0.0
  0
LINE
  8
0
 10
-0.764725637196
 20
-0.163403502639
 30
0.0
 11
-0.807289703114
 21
-0.0668542622207
 31
0.0
  0
LINE
  8
0
 10
-0.807289703114
 20
-0.0668542622207
 30
0.0
 11
-0.837402127529
 21
0.0342103647515
 31
0.0
  0
LINE
  8
0
 10
-0.837402127529
 20
0.0342103647515
 30
0.0
 11
-0.85504794332
 21
0.138122056017
 31
0.0
  0
LINE
  8
0
 10
-0.85504794332
 20
0.138122056017
 30
0.0
 11
-0.860401376414
 21
0.243332835153
 31
0.0
  0
LINE
  8
0
 10
-0.860401376414
 20
0.243332835153
 30
0.0
 11
-0.853793570327
 21
0.348422996193
 31
0.0
  0
LINE
  8
0
 10
-0.853793570327
 20
0.348422996193
 30
0.0
 11
-0.835683702375
 21
0.452104712658
 31
0.0
  0
LINE
  8
0
 10
-0.835683702375
 20
0.452104712658
 30
0.0
 11
-0.806633380074
 21
0.553222332922
 31
0.0
  0
LINE
  8
0
 10
-0.806633380074
 20
0.553222332922
 30
0.0
 11
-0.767284133978
 21
0.650750172626
 31
0.0
  0
LINE
  8
0
 10
-0.767284133978
 20
0.650750172626
 30
0.0
 11
-0.718337782496
 21
0.743788456214
 31
0.0
  0
LINE
  8
0
 10
-0.718337782496
 20
0.743788456214
 30
0.0
 11
-0.660539425218
 21
0.831557928964
 31
0.0
  0
LINE
  8
0
 10
-0.660539425218
 20
0.831557928964
 30
0.0
 11
-0.594662816826
 21
0.913393553726
 31
0.0
  0
LINE
  8
0
 10
-0.594662816826
 20
0.913393553726
 30
0.0
 11
-0.521497878947
 21
0.988737619156
 31
0.0
  0
LINE
  8
0
 10
-0.521497878947
 20
0.988737619156
 30
0.0
 11
-0.441840118512
 21
1.05713251511
 31
0.0
  0
LINE
  8
0
 10
-0.441840118512
 20
1.05713251511
 30
0.0
 11
-0.356481736098
 21
1.1182133733
 31
0.0
  0
LINE
  8
0
 10
-0.356481736098
 20
1.1182133733
 30
0.0
 11
-0.26620422442
 21
1.17170072489
 31
0.0
  0
LINE
  8
0
 10
-0.26620422442
 20
1.17170072489
 30
0.0
 11
-0.171772274517
 21
1.21739328932
 31
0.0
  0
LINE
  8
0
 10
-0.171772274517
 20
1.21739328932
 30
0.0
 11
-0.073928824488
 21
1.25516097864
 31
0.0
  0
LINE
  8
0
 10
-0.073928824488
 20
1.25516097864
 30
0.0
 11
0.0266088977599
 21
1.28493817811
 31
0.0
  0
LINE
  8
0
 10
0.0266088977599
 20
1.28493817811
 30
0.0
 11
0.129152470508
 21
1.30671734446
 31
0.0
  0
LINE
  8
0
 10
0.129152470508
 20
1.30671734446
 30
0.0
 11
0.233044631151
 21
1.32054294875
 31
0.0
  0
LINE
  8
0
 10
0.233044631151
 20
1.32054294875
 30
0.0
 11
0.33766099077
 21
1.32650577874
 31
0.0
  0
LINE
  8
0
 10
0.33766099077
 20
1.32650577874
 30
0.0
 11
0.442411202848
 21
1.32473760692
 31
0.0
  0
LINE
  8
0
 10
0.442411202848
 20
1.32473760692
 30
0.0
 11
0.546739667541
 21
1.31540622326
 31
0.0
  0
LINE
  8
0
 10
0.546739667541
 20
1.31540622326
 30
0.0
 11
0.650125842997
 21
1.29871082654
 31
0.0
  0
LINE
  8
0
 10
0.650125842997
 20
1.29871082654
 30
0.0
 11
0.752084226283
 21
1.27487776424
 31
0.0
  0
LINE
  8
0
 10
0.752084226283
 20
1.27487776424
 30
0.0
 11
0.852164058545
 21
1.24415660828
 31
0.0
  0
LINE
  8
0
 10
0.852164058545
 20
1.24415660828
 30
0.0
 11
0.949948802011
 21
1.2068165517
 31
0.0
  0
LINE
  8
0
 10
0.949948802011
 20
1.2068165517
 30
0.0
 11
1.04505543014
 21
1.16314311046
 31
0.0
  0
LINE
  8
0
 10
1.04505543014
 20
1.16314311046
 30
0.0
 11
1.13713356679
 21
1.11343511355
 31
0.0
  0
LINE
  8
0
 10
1.13713356679
 20
1.11343511355
 30
0.0
 11
1.22586450526
 21
1.05800196433
 31
0.0
  0
LINE
  8
0
 10
1.22586450526
 20
1.05800196433
 30
0.0
 11
1.31096013399
 21
0.997161156212
 31
0.0
  0
LINE
  8
0
 10
1.31096013399
 20
0.997161156212
 30
0.0
 11
1.3921617918
 21
0.931236025785
 31
0.0
  0
LINE
  8
0
 10
1.3921617918
 20
0.931236025785
 30
0.0
 11
1.46923907216
 21
0.860553727084
 31
0.0
  0
LINE
  8
0
 10
1.46923907216
 20
0.860553727084
 30
0.0
 11
1.54198859343
 21
0.78544341122
 31
0.0
  0
LINE
  8
0
 10
1.54198859343
 20
0.78544341122
 30
0.0
 11
1.61023274908
 21
0.70623459622
 31
0.0
  0
LINE
  8
0
 10
1.61023274908
 20
0.70623459622
 30
0.0
 11
1.67381844999
 21
0.623255712656
 31
0.0
  0
LINE
  8
0
 10
1.67381844999
 20
0.623255712656
 30
0.0
 11
1.73261586887
 21
0.53683281138
 31
0.0
  0
LINE
  8
0
 10
1.73261586887
 20
0.53683281138
 30
0.0
 11
1.7865171953
 21
0.447288420463
 31
0.0
  0
LINE
  8
0
 10
1.7865171953
 20
0.447288420463
 30
0.0
 11
1.83543540815
 21
0.354940539166
 31
0.0
  0
LINE
  8
0
 10
1.83543540815
 20
0.354940539166
 30
0.0
 11
1.8793030714
 21
0.260101757588
 31
0.0
  0
LINE
  8
0
 10
1.8793030714
 20
0.260101757588
 30
0.0
 11
1.9180711576
 21
0.163078491312
 31
0.0
  0
LINE
  8
0
 10
1.9180711576
 20
0.163078491312
 30
0.0
 11
1.95170790307
 21
0.0641703211323
 31
0.0
  0
LINE
  8
0
 10
1.95170790307
 20
0.0641703211323
 30
0.0
 11
1.98019769732
 21
-0.0363305713779
 31
0.0
  0
LINE
  8
0
 10
1.98019769732
 20
-0.0363305713779
 30
0.0
 11
2.00354000919
 21
-0.138139881048
 31
0.0
  0
LINE
  8
0
 10
2.00354000919
 20
-0.138139881048
 30
0.0
 11
2.0217483511
 21
-0.24098157699
 31
0.0
  0
LINE
  8
0
 10
2.0217483511
 20
-0.24098157699
 30
0.0
 11
2.03484928256
 21
-0.344588228554
 31
0.0
  0
LINE
  8
0
 10
2.03484928256
 20
-0.344588228554
 30
0.0
 11
2.04288145365
 21
-0.448701266143
 31
0.0
  0
LINE
  8
0
 10
2.04288145365
 20
-0.448701266143
 30
0.0
 11
2.04589468863
 21
-0.553071183192
 31
0.0
  0
LINE
  8
0
 10
2.04589468863
 20
-0.553071183192
 30
0.0
 11
2.04394910977
 21
-0.657457685085
 31
0.0
  0
LINE
  8
0
 10
2.04394910977
 20
-0.657457685085
 30
0.0
 11
2.03711430108
 21
-0.761629790337
 31
0.0
  0
LINE
  8
0
 10
2.03711430108
 20
-0.761629790337
 30
0.0
 11
2.02546851148
 21
-0.865365888946
 31
0.0
  0
LINE
  8
0
 10
2.02546851148
 20
-0.865365888946
 30
0.0
 11
2.00909789666
 21
-0.968453762414
 31
0.0
  0
LINE
  8
0
 10
2.00909789666
 20
-0.968453762414
 30
0.0
 11
1.98809579894
 21
-1.07069056955
 31
0.0
  0
ARC
  8
0
 10
-0.460767304339
 20
-0.567630432588
 30
0.0
 40
2.5
 50
-71.6085475506
 51
-11.6085475506
  0
ARC
  8
0
 10
1.27452382114
 20
-5.78670743047
 30
0.0
 40
3.0
 50
108.391452449
 51
168.391452449
  0
LINE
  8
0
 10
0.129409522551
 20
-0.482962913145
 30
0.0
 11
0.033027672569
 21
-0.533841055553
 31
0.0
  0
LINE
  8
0
 10
0.033027672569
 20
-0.533841055553
 30
0.0
 11
-0.071124741937
 21
-0.565188514691
 31
0.0
  0
LINE
  8
0
 10
-0.071124741937
 20
-0.565188514691
 30
0.0
 11
-0.17902925069
 21
-0.577237631354
 31
0.0
  0
LINE
  8
0
 10
-0.17902925069
 20
-0.577237631354
 30
0.0
 11
-0.28724385418
 21
-0.570822361442
 31
0.0
  0
LINE
  8
0
 10
-0.28724385418
 20
-0.570822361442
 30
0.0
 11
-0.392884284441
 21
-0.547186132654
 31
0.0
  0
LINE
  8
0
 10
-0.392884284441
 20
-0.547186132654
 30
0.0
 11
-0.493584348852
 21
-0.507835381956
 31
0.0
  0
LINE
  8
0
 10
-0.493584348852
 20
-0.507835381956
 30
0.0
 11
-0.587446346158
 21
-0.454429227899
 31
0.0
  0
LINE
  8
0
 10
-0.587446346158
 20
-0.454429227899
 30
0.0
 11
-0.672988207059
 21
-0.388697378078
 31
0.0
  0
LINE
  8
0
 10
-0.672988207059
 20
-0.388697378078
 30
0.0
 11
-0.749091278381
 21
-0.312379912427
 31
0.0
  0
LINE
  8
0
 10
-0.749091278381
 20
-0.312379912427
 30
0.0
 11
-0.81495095168
 21
-0.227183905611
 31
0.0
  0
LINE
  8
0
 10
-0.81495095168
 20
-0.227183905611
 30
0.0
 11
-0.870031264197
 21
-0.134752939052
 31
0.0
  0
LINE
  8
0
 10
-0.870031264197
 20
-0.134752939052
 30
0.0
 11
-0.914023938388
 21
-0.0366464254518
 31
0.0
  0
LINE
  8
0
 10
-0.914023938388
 20
-0.0366464254518
 30
0.0
 11
-0.946811926917
 21
0.0656736414121
 31
0.0
  0
LINE
  8
0
 10
-0.946811926917
 20
0.0656736414121
 30
0.0
 11
-0.968437297641
 21
0.170850357994
 31
0.0
  0
LINE
  8
0
 10
-0.968437297641
 20
0.170850357994
 30
0.0
 11
-0.979073166622
 21
0.277635427926
 31
0.0
  0
LINE
  8
0
 10
-0.979073166622
 20
0.277635427926
 30
0.0
 11
-0.978999327035
 21
0.384889621252
 31
0.0
  0
LINE
  8
0
 10
-0.978999327035
 20
0.384889621252
 30
0.0
 11
-0.968581202557
 21
0.491581018159
 31
0.0
  0
LINE
  8
0
 10
-0.968581202557
 20
0.491581018159
 30
0.0
 11
-0.948251759099
 21
0.596781682254
 31
0.0
  0
LINE
  8
0
 10
-0.948251759099
 20
0.596781682254
 30
0.0
 11
-0.918496027948
 21
0.69966325568
 31
0.0
  0
LINE
  8
0
 10
-0.918496027948
 20
0.69966325568
 30
0.0
 11
-0.879837919929
 21
0.79949185014
 31
0.0
  0
LINE
  8
0
 10
-0.879837919929
 20
0.79949185014
 30
0.0
 11
-0.832829039798
 21
0.895622516444
 31
0.0
  0
LINE
  8
0
 10
-0.832829039798
 20
0.895622516444
 30
0.0
 11
-0.778039240193
 21
0.987493504412
 31
0.0
  0
LINE
  8
0
 10
-0.778039240193
 20
0.987493504412
 30
0.0
 11
-0.716048683603
 21
1.07462047037
 31
0.0
  0
LINE
  8
0
 10
-0.716048683603
 20
1.07462047037
 30
0.0
 11
-0.647441208009
 21
1.15659074727
 31
0.0
  0
LINE
  8
0
 10
-0.647441208009
 20
1.15659074727
 30
0.0
 11
-0.572798816852
 21
1.23305776018
 31
0.0
  0
LINE
  8
0
 10
-0.572798816852
 20
1.23305776018
 30
0.0
 11
-0.492697136485
 21
1.30373564464
 31
0.0
  0
LINE
  8
0
 10
-0.492697136485
 20
1.30373564464
 30
0.0
 11
-0.407701704398
 21
1.36839410685
 31
0.0
  0
LINE
  8
0
 10
-0.407701704398
 20
1.36839410685
 30
0.0
 11
-0.318364969342
 21
1.42685354967
 31
0.0
  0
LINE
  8
0
 10
-0.318364969342
 20
1.42685354967
 30
0.0
 11
-0.225223900187
 21
1.47898047774
 31
0.0
  0
LINE
  8
0
 10
-0.225223900187
 20
1.47898047774
 30
0.0
 11
-0.128798114128
 21
1.52468318686
 31
0.0
  0
LINE
  8
0
 10
-0.128798114128
 20
1.52468318686
 30
0.0
 11
-0.0295884469197
 21
1.56390773644
 31
0.0
  0
LINE
  8
0
 10
-0.0295884469197
 20
1.56390773644
 30
0.0
 11
0.071924101724
 21
1.59663419972
 31
0.0
  0
LINE
  8
0
 10
0.071924101724
 20
1.59663419972
 30
0.0
 11
0.175279105231
 21
1.62287318315
 31
0.0
  0
LINE
  8
0
 10
0.175279105231
 20
1.62287318315
 30
0.0
 11
0.280037179553
 21
1.64266260414
 31
0.0
  0
LINE
  8
0
 10
0.280037179553
 20
1.64266260414
 30
0.0
 11
0.385780227688
 21
1.65606471511
 31
0.0
  0
LINE
  8
0
 10
0.385780227688
 20
1.65606471511
 30
0.0
 11
0.492111496255
 21
1.66316336075
 31
0.0
  0
LINE
  8
0
 10
0.492111496255
 20
1.66316336075
 30
0.0
 11
0.59865547585
 21
1.66406145525
 31
0.0
  0
LINE
  8
0
 10
0.59865547585
 20
1.66406145525
 30
0.0
 11
0.705057672438
 21
1.6588786659
 31
0.0
  0
LINE
  8
0
 10
0.705057672438
 20
1.6588786659
 30
0.0
 11
0.810984273178
 21
1.64774928979
 31
0.0
  0
LINE
  8
0
 10
0.810984273178
 20
1.64774928979
 30
0.0
 11
0.916121726704
 21
1.6308203107
 31
0.0
  0
LINE
  8
0
 10
0.916121726704
 20
1.6308203107
 30
0.0
 11
1.02017625502
 21
1.60824962351
 31
0.0
  0
LINE
  8
0
 10
1.02017625502
 20
1.60824962351
 30
0.0
 11
1.12287331163
 21
1.58020441437
 31
0.0
  0
LINE
  8
0
 10
1.12287331163
 20
1.58020441437
 30
0.0
 11
1.22395699841
 21
1.54685968493
 31
0.0
  0
LINE
  8
0
 10
1.22395699841
 20
1.54685968493
 30
0.0
 11
1.32318945182
 21
1.50839691014
 31
0.0
  0
LINE
  8
0
 10
1.32318945182
 20
1.50839691014
 30
0.0
 11
1.42035020744
 21
1.46500281922
 31
0.0
  0
LINE
  8
0
 10
1.42035020744
 20
1.46500281922
 30
0.0
 11
1.51523555046
 21
1.41686829047
 31
0.0
  0
LINE
  8
0
 10
1.51523555046
 20
1.41686829047
 30
0.0
 11
1.60765785859
 21
1.36418735085
 31
0.0
  0
LINE
  8
0
 10
1.60765785859
 20
1.36418735085
 30
0.0
 11
1.69744494261
 21
1.30715627205
 31
0.0
  0
LINE
  8
0
 10
1.69744494261
 20
1.30715627205
 30
0.0
 11
1.78443938928
 21
1.24597275537
 31
0.0
  0
LINE
  8
0
 10
1.78443938928
 20
1.24597275537
 30
0.0
 11
1.86849791008
 21
1.18083519813
 31
0.0
  0
LINE
  8
0
 10
1.86849791008
 20
1.18083519813
 30
0.0
 11
1.94949069903
 21
1.11194203491
 31
0.0
  0
LINE
  8
0
 10
1.94949069903
 20
1.11194203491
 30
0.0
 11
2.02730080204
 21
1.03949114758
 31
0.0
  0
LINE
  8
0
 10
2.02730080204
 20
1.03949114758
 30
0.0
 11
2.10182349973
 21
0.963679338223
 31
0.0
  0
LINE
  8
0
 10
2.10182349973
 20
0.963679338223
 30
0.0
 11
2.17296570539
 21
0.884701859685
 31
0.0
  0
LINE
  8
0
 10
2.17296570539
 20
0.884701859685
 30
0.0
 11
2.24064537931
 21
0.802751999012
 31
0.0
  0
LINE
  8
0
 10
2.24064537931
 20
0.802751999012
 30
0.0
 11
2.30479096036
 21
0.71802070907
 31
0.0
  0
LINE
  8
0
 10
2.30479096036
 20
0.71802070907
 30
0.0
 11
2.36534081562
 21
0.630696284303
 31
0.0
  0
LINE
  8
0
 10
2.36534081562
 20
0.630696284303
 30
0.0
 11
2.42224270835
 21
0.54096407677
 31
0.0
  0
LINE
  8
0
 10
2.42224270835
 20
0.54096407677
 30
0.0
 11
2.47545328468
 21
0.449006248926
 31
0.0
  0
LINE
  8
0
 10
2.47545328468
 20
0.449006248926
 30
0.0
 11
2.52493757921
 21
0.3550015599
 31
0.0
  0
LINE
  8
0
 10
2.52493757921
 20
0.3550015599
 30
0.0
 11
2.57066853925
 21
0.259125182293
 31
0.0
  0
LINE
  8
0
 10
2.57066853925
 20
0.259125182293
 30
0.0
 11
2.61262656792
 21
0.161548546736
 31
0.0
  0
LINE
  8
0
 10
2.61262656792
 20
0.161548546736
 30
0.0
 11
2.65079908558
 21
0.0624392116907
 31
0.0
  0
LINE
  8
0
 10
2.65079908558
 20
0.0624392116907
 30
0.0
 11
2.68518010952
 21
-0.0380392438301
 31
0.0
  0
LINE
  8
0
 10
2.68518010952
 20
-0.0380392438301
 30
0.0
 11
2.71576985143
 21
-0.139727306749
 31
0.0
  0
LINE
  8
0
 10
2.71576985143
 20
-0.139727306749
 30
0.0
 11
2.74257433237
 21
-0.242469597579
 31
0.0
  0
LINE
  8
0
 10
2.74257433237
 20
-0.242469597579
 30
0.0
 11
2.76560501468
 21
-0.346114921038
 31
0.0
  0
LINE
  8
0
 10
2.76560501468
 20
-0.346114921038
 30
0.0
 11
2.78487845047
 21
-0.450516301266
 31
0.0
  0
LINE
  8
0
 10
2.78487845047
 20
-0.450516301266
 30
0.0
 11
2.80041594611
 21
-0.555531003163
 31
0.0
  0
LINE
  8
0
 10
2.80041594611
 20
-0.555531003163
 30
0.0
 11
2.81224324237
 21
-0.661020541228
 31
0.0
  0
LINE
  8
0
 10
2.81224324237
 20
-0.661020541228
 30
0.0
 11
2.82039020947
 21
-0.766850677159
 31
0.0
  0
LINE
  8
0
 10
2.82039020947
 20
-0.766850677159
 30
0.0
 11
2.82489055677
 21
-0.872891407391
 31
0.0
  0
LINE
  8
0
 10
2.82489055677
 20
-0.872891407391
 30
0.0
 11
2.82578155637
 21
-0.979016941623
 31
0.0
  0
LINE
  8
0
 10
2.82578155637
 20
-0.979016941623
 30
0.0
 11
2.82310378031
 21
-1.08510567332
 31
0.0
  0
LINE
  8
0
 10
2.82310378031
 20
-1.08510567332
 30
0.0
 11
2.8169008506
 21
-1.19104014305
 31
0.0
  0
LINE
  8
0
 10
2.8169008506
 20
-1.19104014305
 30
0.0
 11
2.80721920187
 21
-1.29670699553
 31
0.0
  0
LINE
  8
0
 10
2.80721920187
 20
-1.29670699553
 30
0.0
 11
2.79410785588
 21
-1.40199693105
 31
0.0
  0
LINE
  8
0
 10
2.79410785588
 20
-1.40199693105
 30
0.0
 11
2.77761820758
 21
-1.50680465202
 31
0.0
  0
ARC
  8
0
 10
4.75331500172
 20
-1.817645733
 30
0.0
 40
2.0
 50
171.058812971
 51
231.058812971
  0
CIRCLE
  8
0
 10
1.71114649593
 20
0.960197591567
 30
0.0
 40
0.130713038312
  0
CIRCLE
  8
0
 10
2.04503746072
 20
0.549509150098
 30
0.0
 40
0.157747801342
  0
CIRCLE
  8
0
 10
2.2907014027
 20
0.0135732116905
 30
0.0
 40
0.185407525913
  0
CIRCLE
  8
0
 10
2.40111878983
 20
-0.625689284222
 30
0.0
 40
0.21143668702
  0
CIRCLE
  8
0
 10
2.33873356352
 20
-1.32269826566
 30
0.0
 40
0.231391054056
  0
CIRCLE
  8
0
 10
2.34692447112
 20
-1.28688589947
 30
0.0
 40
0.231391054056
  0
CIRCLE
  8
0
 10
2.33643010938
 20
-1.96316834124
 30
0.0
 40
0.2451595325
  0
CIRCLE
  8
0
 10
2.53802886679
 20
-2.62339432719
 30
0.0
 40
0.249995365597
  0
CIRCLE
  8
0
 10
2.93266429539
 20
-3.18694686005
 30
0.0
 40
0.238203636936
  0
CIRCLE
  8
0
 10
3.42717051833
 20
-3.63071079201
 30
0.0
 40
0.226909669519
  0
CIRCLE
  8
0
 10
3.83429443102
 20
-4.14230618665
 30
0.0
 40
0.217473318246
  0
CIRCLE
  8
0
 10
4.1144472442
 20
-4.71210582903
 30
0.0
 40
0.209774670658
  0
CIRCLE
  8
0
 10
4.26622203144
 20
-5.31277695393
 30
0.0
 40
0.204242340678
  0
CIRCLE
  8
0
 10
4.29205276962
 20
-5.92071311868
 30
0.0
 40
0.200975196153
  0
CIRCLE
  8
0
 10
4.19637741216
 20
-6.51501144508
 30
0.0
 40
0.196786011413
  0
CIRCLE
  8
0
 10
4.00519271534
 20
-7.03467684764
 30
0.0
 40
0.159575079989
  0
CIRCLE
  8
0
 10
3.76135654289
 20
-7.45469813925
 30
0.0
 40
0.128193285238
  0
LINE
  8
0
 10
-2.48372518534
 20
-9.54395520471
 30
0.0
 11
-2.39690232696
 21
-9.60558468014
 31
0.0
  0
LINE
  8
0
 10
-2.39690232696
 20
-9.60558468014
 30
0.0
 11
-2.32372834973
 21
-9.68273463884
 31
0.0
  0
LINE
  8
0
 10
-2.32372834973
 20
-9.68273463884
 30
0.0
 11
-2.26600829979
 21
-9.77188655332
 31
0.0
  0
LINE
  8
0
 10
-2.26600829979
 20
-9.77188655332
 30
0.0
 11
-2.22476028692
 21
-9.86963080892
 31
0.0
  0
LINE
  8
0
 10
-2.22476028692
 20
-9.86963080892
 30
0.0
 11
-2.20035515956
 21
-9.97276954551
 31
0.0
  0
LINE
  8
0
 10
-2.20035515956
 20
-9.97276954551
 30
0.0
 11
-2.19264363247
 21
-10.0783798037
 31
0.0
  0
LINE
  8
0
 10
-2.19264363247
 20
-10.0783798037
 30
0.0
 11
-2.20106851078
 21
-10.1838476922
 31
0.0
  0
LINE
  8
0
 10
-2.20106851078
 20
-10.1838476922
 30
0.0
 11
-2.22476158143
 21
-10.2868817942
 31
0.0
  0
LINE
  8
0
 10
-2.22476158143
 20
-10.2868817942
 30
0.0
 11
-2.26262582651
 21
-10.3855120355
 31
0.0
  0
LINE
  8
0
 10
-2.26262582651
 20
-10.3855120355
 30
0.0
 11
-2.31340417298
 21
-10.4780786727
 31
0.0
  0
LINE
  8
0
 10
-2.31340417298
 20
-10.4780786727
 30
0.0
 11
-2.37573623494
 21
-10.5632148553
 31
0.0
  0
LINE
  8
0
 10
-2.37573623494
 20
-10.5632148553
 30
0.0
 11
-2.44820455712
 21
-10.6398252933
 31
0.0
  0
LINE
  8
0
 10
-2.44820455712
 20
-10.6398252933
 30
0.0
 11
-2.52937181361
 21
-10.7070628637
 31
0.0
  0
LINE
  8
0
 10
-2.52937181361
 20
-10.7070628637
 30
0.0
 11
-2.61781030455
 21
-10.7643044623
 31
0.0
  0
LINE
  8
0
 10
-2.61781030455
 20
-10.7643044623
 30
0.0
 11
-2.71212495674
 21
-10.8111270149
 31
0.0
  0
LINE
  8
0
 10
-2.71212495674
 20
-10.8111270149
 30
0.0
 11
-2.81097089108
 21
-10.8472842674
 31
0.0
  0
LINE
  8
0
 10
-2.81097089108
 20
-10.8472842674
 30
0.0
 11
-2.91306648015
 21
-10.8726847604
 31
0.0
  0
LINE
  8
0
 10
-2.91306648015
 20
-10.8726847604
 30
0.0
 11
-3.01720268996
 21
-10.8873712336
 31
0.0
  0
LINE
  8
0
 10
-3.01720268996
 20
-10.8873712336
 30
0.0
 11
-3.12224938281
 21
-10.8915015915
 31
0.0
  0
LINE
  8
0
 10
-3.12224938281
 20
-10.8915015915
 30
0.0
 11
-3.22715915453
 21
-10.8853314822
 31
0.0
  0
LINE
  8
0
 10
-3.22715915453
 20
-10.8853314822
 30
0.0
 11
-3.3309691887
 21
-10.8691984782
 31
0.0
  0
LINE
  8
0
 10
-3.3309691887
 20
-10.8691984782
 30
0.0
 11
-3.43280153233
 21
-10.8435078161
 31
0.0
  0
LINE
  8
0
 10
-3.43280153233
 20
-10.8435078161
 30
0.0
 11
-3.53186212993
 21
-10.8087196199
 31
0.0
  0
LINE
  8
0
 10
-3.53186212993
 20
-10.8087196199
 30
0.0
 11
-3.62743889601
 21
-10.7653375214
 31
0.0
  0
LINE
  8
0
 10
-3.62743889601
 20
-10.7653375214
 30
0.0
 11
-3.71889905712
 21
-10.7138985787
 31
0.0
  0
LINE
  8
0
 10
-3.71889905712
 20
-10.7138985787
 30
0.0
 11
-3.80568595362
 21
-10.6549643934
 31
0.0
  0
LINE
  8
0
 10
-3.80568595362
 20
-10.6549643934
 30
0.0
 11
-3.88731545703
 21
-10.5891133247
 31
0.0
  0
LINE
  8
0
 10
-3.88731545703
 20
-10.5891133247
 30
0.0
 11
-3.96337212935
 21
-10.5169337029
 31
0.0
  0
LINE
  8
0
 10
-3.96337212935
 20
-10.5169337029
 30
0.0
 11
-4.03350522706
 21
-10.4390179471
 31
0.0
  0
LINE
  8
0
 10
-4.03350522706
 20
-10.4390179471
 30
0.0
 11
-4.09742463191
 21
-10.3559574989
 31
0.0
  0
LINE
  8
0
 10
-4.09742463191
 20
-10.3559574989
 30
0.0
 11
-4.15489677397
 21
-10.2683384888
 31
0.0
  0
LINE
  8
0
 10
-4.15489677397
 20
-10.2683384888
 30
0.0
 11
-4.2057405983
 21
-10.1767380582
 31
0.0
  0
LINE
  8
0
 10
-4.2057405983
 20
-10.1767380582
 30
0.0
 11
-4.24982361535
 21
-10.0817212656
 31
0.0
  0
LINE
  8
0
 10
-4.24982361535
 20
-10.0817212656
 30
0.0
 11
-4.28705806539
 21
-9.98383851288
 31
0.0
  0
LINE
  8
0
 10
-4.28705806539
 20
-9.98383851288
 30
0.0
 11
-4.31739721963
 21
-9.88362343167
 31
0.0
  0
LINE
  8
0
 10
-4.31739721963
 20
-9.88362343167
 30
0.0
 11
-4.34083183427
 21
-9.78159117655
 31
0.0
  0
LINE
  8
0
 10
-4.34083183427
 20
-9.78159117655
 30
0.0
 11
-4.35738676842
 21
-9.67823707631
 31
0.0
  0
LINE
  8
0
 10
-4.35738676842
 20
-9.67823707631
 30
0.0
 11
-4.36711777291
 21
-9.57403559966
 31
0.0
  0
LINE
  8
0
 10
-4.36711777291
 20
-9.57403559966
 30
0.0
 11
-4.37010845313
 21
-9.46943959574
 31
0.0
  0
LINE
  8
0
 10
-4.37010845313
 20
-9.46943959574
 30
0.0
 11
-4.36646740693
 21
-9.36487977431
 31
0.0
  0
LINE
  8
0
 10
-4.36646740693
 20
-9.36487977431
 30
0.0
 11
-4.35632553588
 21
-9.26076439402
 31
0.0
  0
LINE
  8
0
 10
-4.35632553588
 20
-9.26076439402
 30
0.0
 11
-4.33983352708
 21
-9.15747913032
 31
0.0
  0
LINE
  8
0
 10
-4.33983352708
 20
-9.15747913032
 30
0.0
 11
-4.31715950099
 21
-9.05538709812
 31
0.0
  0
LINE
  8
0
 10
-4.31715950099
 20
-9.05538709812
 30
0.0
 11
-4.28848682
 21
-8.95482900665
 31
0.0
  0
LINE
  8
0
 10
-4.28848682
 20
-8.95482900665
 30
0.0
 11
-4.25401205183
 21
-8.8561234267
 31
0.0
  0
LINE
  8
0
 10
-4.25401205183
 20
-8.8561234267
 30
0.0
 11
-4.21394308114
 21
-8.75956715262
 31
0.0
  0
LINE
  8
0
 10
-4.21394308114
 20
-8.75956715262
 30
0.0
 11
-4.16849736261
 21
-8.66543564355
 31
0.0
  0
LINE
  8
0
 10
-4.16849736261
 20
-8.66543564355
 30
0.0
 11
-4.11790030852
 21
-8.57398353011
 31
0.0
  0
LINE
  8
0
 10
-4.11790030852
 20
-8.57398353011
 30
0.0
 11
-4.06238380376
 21
-8.48544517441
 31
0.0
  0
LINE
  8
0
 10
-4.06238380376
 20
-8.48544517441
 30
0.0
 11
-4.00218484127
 21
-8.40003527285
 31
0.0
  0
LINE
  8
0
 10
-4.00218484127
 20
-8.40003527285
 30
0.0
 11
-3.93754427102
 21
-8.31794949221
 31
0.0
  0
LINE
  8
0
 10
-3.93754427102
 20
-8.31794949221
 30
0.0
 11
-3.86870565574
 21
-8.23936513104
 31
0.0
  0
LINE
  8
0
 10
-3.86870565574
 20
-8.23936513104
 30
0.0
 11
-3.79591422685
 21
-8.16444179921
 31
0.0
  0
LINE
  8
0
 10
-3.79591422685
 20
-8.16444179921
 30
0.0
 11
-3.71941593427
 21
-8.09332210931
 31
0.0
  0
LINE
  8
0
 10
-3.71941593427
 20
-8.09332210931
 30
0.0
 11
-3.63945658397
 21
-8.02613237469
 31
0.0
  0
LINE
  8
0
 10
-3.63945658397
 20
-8.02613237469
 30
0.0
 11
-3.55628105744
 21
-7.96298330945
 31
0.0
  0
LINE
  8
0
 10
-3.55628105744
 20
-7.96298330945
 30
0.0
 11
-3.47013260757
 21
-7.90397072644
 31
0.0
  0
LINE
  8
0
 10
-3.47013260757
 20
-7.90397072644
 30
0.0
 11
-3.38125222551
 21
-7.84917622988
 31
0.0
  0
LINE
  8
0
 10
-3.38125222551
 20
-7.84917622988
 30
0.0
 11
-3.28987807362
 21
-7.79866789965
 31
0.0
  0
LINE
  8
0
 10
-3.28987807362
 20
-7.79866789965
 30
0.0
 11
-3.19624497977
 21
-7.75250096498
 31
0.0
  0
LINE
  8
0
 10
-3.19624497977
 20
-7.75250096498
 30
0.0
 11
-3.10058398828
 21
-7.71071846532
 31
0.0
  0
LINE
  8
0
 10
-3.10058398828
 20
-7.71071846532
 30
0.0
 11
-3.00312196363
 21
-7.67335189689
 31
0.0
  0
LINE
  8
0
 10
-3.00312196363
 20
-7.67335189689
 30
0.0
 11
-2.90408124258
 21
-7.64042184348
 31
0.0
  0
ARC
  8
0
 10
-2.11531254918
 20
-10.0127295698
 30
0.0
 40
2.5
 50
48.3914524494
 51
108.391452449
  0
ARC
  8
0
 10
1.53689515255
 20
-5.90038487323
 30
0.0
 40
3.0
 50
228.391452449
 51
-71.608547551
  0
LINE
  8
0
 10
-2.48372518534
 20
-9.54395520471
 30
0.0
 11
-2.39147249653
 21
-9.60198526405
 31
0.0
  0
LINE
  8
0
 10
-2.39147249653
 20
-9.60198526405
 30
0.0
 11
-2.31224859332
 21
-9.67651017131
 31
0.0
  0
LINE
  8
0
 10
-2.31224859332
 20
-9.67651017131
 30
0.0
 11
-2.24786149782
 21
-9.76393365874
 31
0.0
  0
LINE
  8
0
 10
-2.24786149782
 20
-9.76393365874
 30
0.0
 11
-2.19930998279
 21
-9.86085788938
 31
0.0
  0
LINE
  8
0
 10
-2.19930998279
 20
-9.86085788938
 30
0.0
 11
-2.16695934224
 21
-9.96416330004
 31
0.0
  0
LINE
  8
0
 10
-2.16695934224
 20
-9.96416330004
 30
0.0
 11
-2.1506880598
 21
-10.0710474893
 31
0.0
  0
LINE
  8
0
 10
-2.1506880598
 20
-10.0710474893
 30
0.0
 11
-2.15000814727
 21
-10.1790374405
 31
0.0
  0
LINE
  8
0
 10
-2.15000814727
 20
-10.1790374405
 30
0.0
 11
-2.16416266861
 21
-10.28598479
 31
0.0
  0
LINE
  8
0
 10
-2.16416266861
 20
-10.28598479
 30
0.0
 11
-2.19220399695
 21
-10.3900507159
 31
0.0
  0
LINE
  8
0
 10
-2.19220399695
 20
-10.3900507159
 30
0.0
 11
-2.23305606651
 21
-10.4896848695
 31
0.0
  0
LINE
  8
0
 10
-2.23305606651
 20
-10.4896848695
 30
0.0
 11
-2.28556347538
 21
-10.5836013027
 31
0.0
  0
LINE
  8
0
 10
-2.28556347538
 20
-10.5836013027
 30
0.0
 11
-2.34852987134
 21
-10.6707533329
 31
0.0
  0
LINE
  8
0
 10
-2.34852987134
 20
-10.6707533329
 30
0.0
 11
-2.4207476543
 21
-10.7503085973
 31
0.0
  0
LINE
  8
0
 10
-2.4207476543
 20
-10.7503085973
 30
0.0
 11
-2.50102067738
 21
-10.821625076
 31
0.0
  0
LINE
  8
0
 10
-2.50102067738
 20
-10.821625076
 30
0.0
 11
-2.5881813262
 21
-10.8842285437
 31
0.0
  0
LINE
  8
0
 10
-2.5881813262
 20
-10.8842285437
 30
0.0
 11
-2.68110310208
 21
-10.9377916934
 31
0.0
  0
LINE
  8
0
 10
-2.68110310208
 20
-10.9377916934
 30
0.0
 11
-2.7787096244
 21
-10.9821150314
 31
0.0
  0
LINE
  8
0
 10
-2.7787096244
 20
-10.9821150314
 30
0.0
 11
-2.87998079373
 21
-11.017109549
 31
0.0
  0
LINE
  8
0
 10
-2.87998079373
 20
-11.017109549
 30
0.0
 11
-2.98395671548
 21
-11.0427811166
 31
0.0
  0
LINE
  8
0
 10
-2.98395671548
 20
-11.0427811166
 30
0.0
 11
-3.08973986831
 21
-11.0592165102
 31
0.0
  0
LINE
  8
0
 10
-3.08973986831
 20
-11.0592165102
 30
0.0
 11
-3.19649590748
 21
-11.066570959
 31
0.0
  0
LINE
  8
0
 10
-3.19649590748
 20
-11.066570959
 30
0.0
 11
-3.30345341673
 21
-11.0650570947
 31
0.0
  0
LINE
  8
0
 10
-3.30345341673
 20
-11.0650570947
 30
0.0
 11
-3.4099028609
 21
-11.0549351808
 31
0.0
  0
LINE
  8
0
 10
-3.4099028609
 20
-11.0549351808
 30
0.0
 11
-3.51519494085
 21
-11.0365045025
 31
0.0
  0
LINE
  8
0
 10
-3.51519494085
 20
-11.0365045025
 30
0.0
 11
-3.61873851216
 21
-11.010095802
 31
0.0
  0
LINE
  8
0
 10
-3.61873851216
 20
-11.010095802
 30
0.0
 11
-3.71999819577
 21
-10.9760646542
 31
0.0
  0
LINE
  8
0
 10
-3.71999819577
 20
-10.9760646542
 30
0.0
 11
-3.81849178266
 21
-10.9347856819
 31
0.0
  0
LINE
  8
0
 10
-3.81849178266
 20
-10.9347856819
 30
0.0
 11
-3.91378751276
 21
-10.8866475213
 31
0.0
  0
LINE
  8
0
 10
-3.91378751276
 20
-10.8866475213
 30
0.0
 11
-4.00550129127
 21
-10.8320484533
 31
0.0
  0
LINE
  8
0
 10
-4.00550129127
 20
-10.8320484533
 30
0.0
 11
-4.09329389142
 21
-10.7713926275
 31
0.0
  0
LINE
  8
0
 10
-4.09329389142
 20
-10.7713926275
 30
0.0
 11
-4.1768681814
 21
-10.7050868102
 31
0.0
  0
LINE
  8
0
 10
-4.1768681814
 20
-10.7050868102
 30
0.0
 11
-4.2559664043
 21
-10.6335375959
 31
0.0
  0
LINE
  8
0
 10
-4.2559664043
 20
-10.6335375959
 30
0.0
 11
-4.33036753228
 21
-10.557149029
 31
0.0
  0
LINE
  8
0
 10
-4.33036753228
 20
-10.557149029
 30
0.0
 11
-4.39988471075
 21
-10.4763205859
 31
0.0
  0
LINE
  8
0
 10
-4.39988471075
 20
-10.4763205859
 30
0.0
 11
-4.46436280338
 21
-10.3914454754
 31
0.0
  0
LINE
  8
0
 10
-4.46436280338
 20
-10.3914454754
 30
0.0
 11
-4.52367604512
 21
-10.3029092184
 31
0.0
  0
LINE
  8
0
 10
-4.52367604512
 20
-10.3029092184
 30
0.0
 11
-4.57772580757
 21
-10.2110884727
 31
0.0
  0
LINE
  8
0
 10
-4.57772580757
 20
-10.2110884727
 30
0.0
 11
-4.62643847862
 21
-10.1163500728
 31
0.0
  0
LINE
  8
0
 10
-4.62643847862
 20
-10.1163500728
 30
0.0
 11
-4.66976345655
 21
-10.0190502576
 31
0.0
  0
LINE
  8
0
 10
-4.66976345655
 20
-10.0190502576
 30
0.0
 11
-4.70767125736
 21
-9.91953406236
 31
0.0
  0
LINE
  8
0
 10
-4.70767125736
 20
-9.91953406236
 30
0.0
 11
-4.74015173303
 21
-9.81813485387
 31
0.0
  0
LINE
  8
0
 10
-4.74015173303
 20
-9.81813485387
 30
0.0
 11
-4.76721239777
 21
-9.71517398938
 31
0.0
  0
LINE
  8
0
 10
-4.76721239777
 20
-9.71517398938
 30
0.0
 11
-4.78887685839
 21
-9.610960584
 31
0.0
  0
LINE
  8
0
 10
-4.78887685839
 20
-9.610960584
 30
0.0
 11
-4.80518334502
 21
-9.50579137107
 31
0.0
  0
LINE
  8
0
 10
-4.80518334502
 20
-9.50579137107
 30
0.0
 11
-4.81618333772
 21
-9.39995064299
 31
0.0
  0
LINE
  8
0
 10
-4.81618333772
 20
-9.39995064299
 30
0.0
 11
-4.82194028453
 21
-9.29371026112
 31
0.0
  0
LINE
  8
0
 10
-4.82194028453
 20
-9.29371026112
 30
0.0
 11
-4.82252840659
 21
-9.18732972459
 31
0.0
  0
LINE
  8
0
 10
-4.82252840659
 20
-9.18732972459
 30
0.0
 11
-4.81803158556
 21
-9.0810562895
 31
0.0
  0
LINE
  8
0
 10
-4.81803158556
 20
-9.0810562895
 30
0.0
 11
-4.80854232916
 21
-8.97512513035
 31
0.0
  0
LINE
  8
0
 10
-4.80854232916
 20
-8.97512513035
 30
0.0
 11
-4.79416081023
 21
-8.86975953732
 31
0.0
  0
LINE
  8
0
 10
-4.79416081023
 20
-8.86975953732
 30
0.0
 11
-4.77499397522
 21
-8.76517114295
 31
0.0
  0
LINE
  8
0
 10
-4.77499397522
 20
-8.76517114295
 30
0.0
 11
-4.75115471777
 21
-8.66156017341
 31
0.0
  0
LINE
  8
0
 10
-4.75115471777
 20
-8.66156017341
 30
0.0
 11
-4.7227611138
 21
-8.55911571937
 31
0.0
  0
LINE
  8
0
 10
-4.7227611138
 20
-8.55911571937
 30
0.0
 11
-4.68993571389
 21
-8.45801602272
 31
0.0
  0
LINE
  8
0
 10
-4.68993571389
 20
-8.45801602272
 30
0.0
 11
-4.65280488967
 21
-8.35842877545
 31
0.0
  0
LINE
  8
0
 10
-4.65280488967
 20
-8.35842877545
 30
0.0
 11
-4.61149823061
 21
-8.26051142775
 31
0.0
  0
LINE
  8
0
 10
-4.61149823061
 20
-8.26051142775
 30
0.0
 11
-4.56614798803
 21
-8.16441150251
 31
0.0
  0
LINE
  8
0
 10
-4.56614798803
 20
-8.16441150251
 30
0.0
 11
-4.51688856313
 21
-8.07026691412
 31
0.0
  0
LINE
  8
0
 10
-4.51688856313
 20
-8.07026691412
 30
0.0
 11
-4.46385603631
 21
-7.97820628934
 31
0.0
  0
LINE
  8
0
 10
-4.46385603631
 20
-7.97820628934
 30
0.0
 11
-4.4071877348
 21
-7.88834928869
 31
0.0
  0
LINE
  8
0
 10
-4.4071877348
 20
-7.88834928869
 30
0.0
 11
-4.34702183619
 21
-7.80080692675
 31
0.0
  0
LINE
  8
0
 10
-4.34702183619
 20
-7.80080692675
 30
0.0
 11
-4.28349700531
 21
-7.71568189025
 31
0.0
  0
LINE
  8
0
 10
-4.28349700531
 20
-7.71568189025
 30
0.0
 11
-4.21675206224
 21
-7.6330688527
 31
0.0
  0
LINE
  8
0
 10
-4.21675206224
 20
-7.6330688527
 30
0.0
 11
-4.1469256792
 21
-7.55305478481
 31
0.0
  0
LINE
  8
0
 10
-4.1469256792
 20
-7.55305478481
 30
0.0
 11
-4.0741561044
 21
-7.47571925976
 31
0.0
  0
LINE
  8
0
 10
-4.0741561044
 20
-7.47571925976
 30
0.0
 11
-3.99858091097
 21
-7.40113475291
 31
0.0
  0
LINE
  8
0
 10
-3.99858091097
 20
-7.40113475291
 30
0.0
 11
-3.92033676903
 21
-7.32936693523
 31
0.0
  0
LINE
  8
0
 10
-3.92033676903
 20
-7.32936693523
 30
0.0
 11
-3.83955923945
 21
-7.26047496011
 31
0.0
  0
LINE
  8
0
 10
-3.83955923945
 20
-7.26047496011
 30
0.0
 11
-3.75638258766
 21
-7.19451174322
 31
0.0
  0
LINE
  8
0
 10
-3.75638258766
 20
-7.19451174322
 30
0.0
 11
-3.67093961599
 21
-7.13152423517
 31
0.0
  0
LINE
  8
0
 10
-3.67093961599
 20
-7.13152423517
 30
0.0
 11
-3.58336151334
 21
-7.07155368673
 31
0.0
  0
LINE
  8
0
 10
-3.58336151334
 20
-7.07155368673
 30
0.0
 11
-3.49377772077
 21
-7.01463590653
 31
0.0
  0
LINE
  8
0
 10
-3.49377772077
 20
-7.01463590653
 30
0.0
 11
-3.40231581194
 21
-6.96080151112
 31
0.0
  0
LINE
  8
0
 10
-3.40231581194
 20
-6.96080151112
 30
0.0
 11
-3.30910138721
 21
-6.91007616737
 31
0.0
  0
LINE
  8
0
 10
-3.30910138721
 20
-6.91007616737
 30
0.0
 11
-3.21425798043
 21
-6.86248082721
 31
0.0
  0
LINE
  8
0
 10
-3.21425798043
 20
-6.86248082721
 30
0.0
 11
-3.11790697748
 21
-6.81803195472
 31
0.0
  0
LINE
  8
0
 10
-3.11790697748
 20
-6.81803195472
 30
0.0
 11
-3.02016754556
 21
-6.77674174567
 31
0.0
  0
LINE
  8
0
 10
-3.02016754556
 20
-6.77674174567
 30
0.0
 11
-2.92115657253
 21
-6.73861833951
 31
0.0
  0
ARC
  8
0
 10
-3.63980869693
 20
-4.87219418512
 30
0.0
 40
2.0
 50
291.058812971
 51
-8.941187029
  0
CIRCLE
  8
0
 10
-4.52440733085
 20
-8.89571105601
 30
0.0
 40
0.130713038312
  0
CIRCLE
  8
0
 10
-4.33568618989
 20
-8.40120877768
 30
0.0
 40
0.157747801342
  0
CIRCLE
  8
0
 10
-3.99438402342
 20
-7.92048959392
 30
0.0
 40
0.185407525913
  0
CIRCLE
  8
0
 10
-3.49597515584
 20
-7.50523408369
 30
0.0
 40
0.21143668702
  0
CIRCLE
  8
0
 10
-2.86115505809
 20
-7.21075678377
 30
0.0
 40
0.231391054056
  0
CIRCLE
  8
0
 10
-2.89626493078
 20
-7.22156943282
 30
0.0
 40
0.231391054056
  0
CIRCLE
  8
0
 10
-2.30533997521
 20
-6.89251659578
 30
0.0
 40
0.2451595325
  0
CIRCLE
  8
0
 10
-1.83436687784
 20
-6.38781395752
 30
0.0
 40
0.249995365597
  0
CIRCLE
  8
0
 10
-1.54363378232
 20
-5.7642733847
 30
0.0
 40
0.238203636936
  0
CIRCLE
  8
0
 10
-1.40657605543
 20
-5.11413646732
 30
0.0
 40
0.226909669519
  0
CIRCLE
  8
0
 10
-1.16708340355
 20
-4.50575911912
 30
0.0
 40
0.217473318246
  0
CIRCLE
  8
0
 10
-0.813698844775
 20
-3.97823984477
 30
0.0
 40
0.209774670658
  0
CIRCLE
  8
0
 10
-0.369389784915
 20
-3.54646346092
 30
0.0
 40
0.204242340678
  0
CIRCLE
  8
0
 10
0.144183008548
 20
-3.22012530309
 30
0.0
 40
0.200975196153
  0
CIRCLE
  8
0
 10
0.706698135376
 20
-3.00583342996
 30
0.0
 40
0.196786011413
  0
CIRCLE
  8
0
 10
1.25233392386
 20
-2.91157153294
 30
0.0
 40
0.159575079989
  0
CIRCLE
  8
0
 10
1.73800111875
 20
-2.91272920684
 30
0.0
 40
0.128193285238
  0
LINE
  8
0
 10
6.66989167659
 20
-7.27650009947
 30
0.0
 11
6.67985293875
 21
-7.17049456076
 31
0.0
  0
LINE
  8
0
 10
6.67985293875
 20
-7.17049456076
 30
0.0
 11
6.71007977427
 21
-7.06854905824
 31
0.0
  0
LINE
  8
0
 10
6.71007977427
 20
-7.06854905824
 30
0.0
 11
6.75842757204
 21
-6.97398607144
 31
0.0
  0
LINE
  8
0
 10
6.75842757204
 20
-6.97398607144
 30
0.0
 11
6.82245257403
 21
-6.88939211664
 31
0.0
  0
LINE
  8
0
 10
6.82245257403
 20
-6.88939211664
 30
0.0
 11
6.89957077634
 21
-6.81668728807
 31
0.0
  0
LINE
  8
0
 10
6.89957077634
 20
-6.81668728807
 30
0.0
 11
6.98717617929
 21
-6.75720378061
 31
0.0
  0
LINE
  8
0
 10
6.98717617929
 20
-6.75720378061
 30
0.0
 11
7.08272648913
 21
-6.71176599503
 31
0.0
  0
LINE
  8
0
 10
7.08272648913
 20
-6.71176599503
 30
0.0
 11
7.18380317425
 21
-6.6807677451
 31
0.0
  0
LINE
  8
0
 10
7.18380317425
 20
-6.6807677451
 30
0.0
 11
7.28815159137
 21
-6.66424402257
 31
0.0
  0
LINE
  8
0
 10
7.28815159137
 20
-6.66424402257
 30
0.0
 11
7.39370582398
 21
-6.66193604197
 31
0.0
  0
LINE
  8
0
 10
7.39370582398
 20
-6.66193604197
 30
0.0
 11
7.49860195186
 21
-6.6733490998
 31
0.0
  0
LINE
  8
0
 10
7.49860195186
 20
-6.6733490998
 30
0.0
 11
7.60118269845
 21
-6.69780328878
 31
0.0
  0
LINE
  8
0
 10
7.60118269845
 20
-6.69780328878
 30
0.0
 11
7.69999577073
 21
-6.73447740966
 31
0.0
  0
LINE
  8
0
 10
7.69999577073
 20
-6.73447740966
 30
0.0
 11
7.79378769476
 21
-6.78244659017
 31
0.0
  0
LINE
  8
0
 10
7.79378769476
 20
-6.78244659017
 30
0.0
 11
7.88149454086
 21
-6.84071419863
 31
0.0
  0
LINE
  8
0
 10
7.88149454086
 20
-6.84071419863
 30
0.0
 11
7.96223060725
 21
-6.90823866257
 31
0.0
  0
LINE
  8
0
 10
7.96223060725
 20
-6.90823866257
 30
0.0
 11
8.03527587402
 21
-6.9839557898
 31
0.0
  0
LINE
  8
0
 10
8.03527587402
 20
-6.9839557898
 30
0.0
 11
8.10006283774
 21
-7.06679715639
 31
0.0
  0
LINE
  8
0
 10
8.10006283774
 20
-7.06679715639
 30
0.0
 11
8.15616317911
 21
-7.15570508199
 31
0.0
  0
LINE
  8
0
 10
8.15616317911
 20
-7.15570508199
 30
0.0
 11
8.20327459355
 21
-7.24964466407
 31
0.0
  0
LINE
  8
0
 10
8.20327459355
 20
-7.24964466407
 30
0.0
 11
8.24120801933
 21
-7.34761329283
 31
0.0
  0
LINE
  8
0
 10
8.24120801933
 20
-7.34761329283
 30
0.0
 11
8.26987542508
 21
-7.44864802041
 31
0.0
  0
LINE
  8
0
 10
8.26987542508
 20
-7.44864802041
 30
0.0
 11
8.28927826224
 21
-7.55183111253
 31
0.0
  0
LINE
  8
0
 10
8.28927826224
 20
-7.55183111253
 30
0.0
 11
8.29949664591
 21
-7.65629406923
 31
0.0
  0
LINE
  8
0
 10
8.29949664591
 20
-7.65629406923
 30
0.0
 11
8.30067929534
 21
-7.76122036353
 31
0.0
  0
LINE
  8
0
 10
8.30067929534
 20
-7.76122036353
 30
0.0
 11
8.29303424194
 21
-7.86584711328
 31
0.0
  0
LINE
  8
0
 10
8.29303424194
 20
-7.86584711328
 30
0.0
 11
8.27682029532
 21
-7.96946587126
 31
0.0
  0
LINE
  8
0
 10
8.27682029532
 20
-7.96946587126
 30
0.0
 11
8.25233924539
 21
-8.0714226925
 31
0.0
  0
LINE
  8
0
 10
8.25233924539
 20
-8.0714226925
 30
0.0
 11
8.21992877035
 21
-8.17111761467
 31
0.0
  0
LINE
  8
0
 10
8.21992877035
 20
-8.17111761467
 30
0.0
 11
8.17995601456
 21
-8.26800366719
 31
0.0
  0
LINE
  8
0
 10
8.17995601456
 20
-8.26800366719
 30
0.0
 11
8.132811797
 21
-8.36158550727
 31
0.0
  0
LINE
  8
0
 10
8.132811797
 20
-8.36158550727
 30
0.0
 11
8.07890540925
 21
-8.45141776607
 31
0.0
  0
LINE
  8
0
 10
8.07890540925
 20
-8.45141776607
 30
0.0
 11
8.01865996161
 21
-8.537103175
 31
0.0
  0
LINE
  8
0
 10
8.01865996161
 20
-8.537103175
 30
0.0
 11
7.95250823619
 21
-8.61829053099
 31
0.0
  0
LINE
  8
0
 10
7.95250823619
 20
-8.61829053099
 30
0.0
 11
7.88088900715
 21
-8.69467254989
 31
0.0
  0
LINE
  8
0
 10
7.88088900715
 20
-8.69467254989
 30
0.0
 11
7.80424378952
 21
-8.76598364906
 31
0.0
  0
LINE
  8
0
 10
7.80424378952
 20
-8.76598364906
 30
0.0
 11
7.72301398021
 21
-8.83199769271
 31
0.0
  0
LINE
  8
0
 10
7.72301398021
 20
-8.83199769271
 30
0.0
 11
7.63763835656
 21
-8.89252572812
 31
0.0
  0
LINE
  8
0
 10
7.63763835656
 20
-8.89252572812
 30
0.0
 11
7.54855090014
 21
-8.94741373513
 31
0.0
  0
LINE
  8
0
 10
7.54855090014
 20
-8.94741373513
 30
0.0
 11
7.45617891547
 21
-8.99654040734
 31
0.0
  0
LINE
  8
0
 10
7.45617891547
 20
-8.99654040734
 30
0.0
 11
7.36094141569
 21
-9.03981497951
 31
0.0
  0
LINE
  8
0
 10
7.36094141569
 20
-9.03981497951
 30
0.0
 11
7.26324774909
 21
-9.07717511279
 31
0.0
  0
LINE
  8
0
 10
7.26324774909
 20
-9.07717511279
 30
0.0
 11
7.16349644263
 21
-9.10858484629
 31
0.0
  0
LINE
  8
0
 10
7.16349644263
 20
-9.10858484629
 30
0.0
 11
7.06207424037
 21
-9.13403262189
 31
0.0
  0
LINE
  8
0
 10
7.06207424037
 20
-9.13403262189
 30
0.0
 11
6.95935531655
 21
-9.15352938684
 31
0.0
  0
LINE
  8
0
 10
6.95935531655
 20
-9.15352938684
 30
0.0
 11
6.85570064496
 21
-9.16710677736
 31
0.0
  0
LINE
  8
0
 10
6.85570064496
 20
-9.16710677736
 30
0.0
 11
6.75145750754
 21
-9.17481538516
 31
0.0
  0
LINE
  8
0
 10
6.75145750754
 20
-9.17481538516
 30
0.0
 11
6.64695912703
 21
-9.17672310768
 31
0.0
  0
LINE
  8
0
 10
6.64695912703
 20
-9.17672310768
 30
0.0
 11
6.54252440941
 21
-9.17291358207
 31
0.0
  0
LINE
  8
0
 10
6.54252440941
 20
-9.17291358207
 30
0.0
 11
6.43845778368
 21
-9.16348470206
 31
0.0
  0
LINE
  8
0
 10
6.43845778368
 20
-9.16348470206
 30
0.0
 11
6.33504912722
 21
-9.14854721643
 31
0.0
  0
LINE
  8
0
 10
6.33504912722
 20
-9.14854721643
 30
0.0
 11
6.23257376647
 21
-9.12822340741
 31
0.0
  0
LINE
  8
0
 10
6.23257376647
 20
-9.12822340741
 30
0.0
 11
6.13129254333
 21
-9.10264584673
 31
0.0
  0
LINE
  8
0
 10
6.13129254333
 20
-9.10264584673
 30
0.0
 11
6.03145193888
 21
-9.07195622696
 31
0.0
  0
LINE
  8
0
 10
6.03145193888
 20
-9.07195622696
 30
0.0
 11
5.93328424667
 21
-9.03630426564
 31
0.0
  0
LINE
  8
0
 10
5.93328424667
 20
-9.03630426564
 30
0.0
 11
5.83700778868
 21
-8.99584667932
 31
0.0
  0
LINE
  8
0
 10
5.83700778868
 20
-8.99584667932
 30
0.0
 11
5.74282716772
 21
-8.95074622474
 31
0.0
  0
LINE
  8
0
 10
5.74282716772
 20
-8.95074622474
 30
0.0
 11
5.65093355068
 21
-8.90117080425
 31
0.0
  0
LINE
  8
0
 10
5.65093355068
 20
-8.90117080425
 30
0.0
 11
5.56150497765
 21
-8.84729263258
 31
0.0
  0
LINE
  8
0
 10
5.56150497765
 20
-8.84729263258
 30
0.0
 11
5.47470669248
 21
-8.78928746201
 31
0.0
  0
LINE
  8
0
 10
5.47470669248
 20
-8.78928746201
 30
0.0
 11
5.3906914906
 21
-8.72733386306
 31
0.0
  0
LINE
  8
0
 10
5.3906914906
 20
-8.72733386306
 30
0.0
 11
5.30960008076
 21
-8.66161255801
 31
0.0
  0
LINE
  8
0
 10
5.30960008076
 20
-8.66161255801
 30
0.0
 11
5.23156145744
 21
-8.59230580429
 31
0.0
  0
ARC
  8
0
 10
6.89165586732
 20
-6.72305821494
 30
0.0
 40
2.5
 50
168.391452449
 51
228.391452449
  0
ARC
  8
0
 10
1.50415704011
 20
-5.61632591362
 30
0.0
 40
3.0
 50
348.391452449
 51
48.391452449
  0
LINE
  8
0
 10
6.66989167659
 20
-7.27650009947
 30
0.0
 11
6.67402083776
 21
-7.16759189772
 31
0.0
  0
LINE
  8
0
 10
6.67402083776
 20
-7.16759189772
 30
0.0
 11
6.69894934905
 21
-7.06171953132
 31
0.0
  0
LINE
  8
0
 10
6.69894934905
 20
-7.06171953132
 30
0.0
 11
6.74246676231
 21
-6.96224692723
 31
0.0
  0
LINE
  8
0
 10
6.74246676231
 20
-6.96224692723
 30
0.0
 11
6.80212985077
 21
-6.8717379665
 31
0.0
  0
LINE
  8
0
 10
6.80212985077
 20
-6.8717379665
 30
0.0
 11
6.87541964048
 21
-6.79206878462
 31
0.0
  0
LINE
  8
0
 10
6.87541964048
 20
-6.79206878462
 30
0.0
 11
6.95984842245
 21
-6.72453534603
 31
0.0
  0
LINE
  8
0
 10
6.95984842245
 20
-6.72453534603
 30
0.0
 11
7.05303050723
 21
-6.66995154894
 31
0.0
  0
LINE
  8
0
 10
7.05303050723
 20
-6.66995154894
 30
0.0
 11
7.15272688947
 21
-6.62873604922
 31
0.0
  0
LINE
  8
0
 10
7.15272688947
 20
-6.62873604922
 30
0.0
 11
7.25687128913
 21
-6.60098758898
 31
0.0
  0
LINE
  8
0
 10
7.25687128913
 20
-6.60098758898
 30
0.0
 11
7.36358303199
 21
-6.58654944222
 31
0.0
  0
LINE
  8
0
 10
7.36358303199
 20
-6.58654944222
 30
0.0
 11
7.47117075338
 21
-6.58506397562
 31
0.0
  0
LINE
  8
0
 10
7.47117075338
 20
-6.58506397562
 30
0.0
 11
7.57812982353
 21
-6.59601845899
 31
0.0
  0
LINE
  8
0
 10
7.57812982353
 20
-6.59601845899
 30
0.0
 11
7.68313559502
 21
-6.61878326141
 31
0.0
  0
LINE
  8
0
 10
7.68313559502
 20
-6.61878326141
 30
0.0
 11
7.78503398882
 21
-6.65264349929
 31
0.0
  0
LINE
  8
0
 10
7.78503398882
 20
-6.65264349929
 30
0.0
 11
7.88283050662
 21
-6.69682510153
 31
0.0
  0
LINE
  8
0
 10
7.88283050662
 20
-6.69682510153
 30
0.0
 11
7.97567844291
 21
-6.75051614515
 31
0.0
  0
LINE
  8
0
 10
7.97567844291
 20
-6.75051614515
 30
0.0
 11
8.06286684076
 21
-6.81288420406
 31
0.0
  0
LINE
  8
0
 10
8.06286684076
 20
-6.81288420406
 30
0.0
 11
8.14380856663
 21
-6.88309035059
 31
0.0
  0
LINE
  8
0
 10
8.14380856663
 20
-6.88309035059
 30
0.0
 11
8.21802875722
 21
-6.96030035639
 31
0.0
  0
LINE
  8
0
 10
8.21802875722
 20
-6.96030035639
 30
0.0
 11
8.28515380204
 21
-7.04369355722
 31
0.0
  0
LINE
  8
0
 10
8.28515380204
 20
-7.04369355722
 30
0.0
 11
8.34490096108
 21
-7.13246977477
 31
0.0
  0
LINE
  8
0
 10
8.34490096108
 20
-7.13246977477
 30
0.0
 11
8.39706867073
 21
-7.22585462708
 31
0.0
  0
LINE
  8
0
 10
8.39706867073
 20
-7.22585462708
 30
0.0
 11
8.4415275583
 21
-7.32310350686
 31
0.0
  0
LINE
  8
0
 10
8.4415275583
 20
-7.32310350686
 30
0.0
 11
8.47821216266
 21
-7.42350446207
 31
0.0
  0
LINE
  8
0
 10
8.47821216266
 20
-7.42350446207
 30
0.0
 11
8.50711334281
 21
-7.52638017546
 31
0.0
  0
LINE
  8
0
 10
8.50711334281
 20
-7.52638017546
 30
0.0
 11
8.52827134606
 21
-7.63108920778
 31
0.0
  0
LINE
  8
0
 10
8.52827134606
 20
-7.63108920778
 30
0.0
 11
8.54176950086
 21
-7.73702664227
 31
0.0
  0
LINE
  8
0
 10
8.54176950086
 20
-7.73702664227
 30
0.0
 11
8.5477284959
 21
-7.84362424573
 31
0.0
  0
LINE
  8
0
 10
8.5477284959
 20
-7.84362424573
 30
0.0
 11
8.54630120525
 21
-7.95035024179
 31
0.0
  0
LINE
  8
0
 10
8.54630120525
 20
-7.95035024179
 30
0.0
 11
8.53766801934
 21
-8.05670877666
 31
0.0
  0
LINE
  8
0
 10
8.53766801934
 20
-8.05670877666
 30
0.0
 11
8.52203264212
 21
-8.16223914355
 31
0.0
  0
LINE
  8
0
 10
8.52203264212
 20
-8.16223914355
 30
0.0
 11
8.49961831638
 21
-8.26651482112
 31
0.0
  0
LINE
  8
0
 10
8.49961831638
 20
-8.26651482112
 30
0.0
 11
8.47066444085
 21
-8.36914237148
 31
0.0
  0
LINE
  8
0
 10
8.47066444085
 20
-8.36914237148
 30
0.0
 11
8.43542354499
 21
-8.46976023559
 31
0.0
  0
LINE
  8
0
 10
8.43542354499
 20
-8.46976023559
 30
0.0
 11
8.39415858949
 21
-8.56803745703
 31
0.0
  0
LINE
  8
0
 10
8.39415858949
 20
-8.56803745703
 30
0.0
 11
8.34714056266
 21
-8.66367235965
 31
0.0
  0
LINE
  8
0
 10
8.34714056266
 20
-8.66367235965
 30
0.0
 11
8.29464634552
 21
-8.75639119985
 31
0.0
  0
LINE
  8
0
 10
8.29464634552
 20
-8.75639119985
 30
0.0
 11
8.23695681998
 21
-8.84594681044
 31
0.0
  0
LINE
  8
0
 10
8.23695681998
 20
-8.84594681044
 30
0.0
 11
8.17435519718
 21
-8.93211724956
 31
0.0
  0
LINE
  8
0
 10
8.17435519718
 20
-8.93211724956
 30
0.0
 11
8.10712554445
 21
-9.01470446566
 31
0.0
  0
LINE
  8
0
 10
8.10712554445
 20
-9.01470446566
 30
0.0
 11
8.03555149181
 21
-9.09353298696
 31
0.0
  0
LINE
  8
0
 10
8.03555149181
 20
-9.09353298696
 30
0.0
 11
7.95991509994
 21
-9.16844864231
 31
0.0
  0
LINE
  8
0
 10
7.95991509994
 20
-9.16844864231
 30
0.0
 11
7.88049587377
 21
-9.23931731826
 31
0.0
  0
LINE
  8
0
 10
7.88049587377
 20
-9.23931731826
 30
0.0
 11
7.79756990699
 21
-9.30602375639
 31
0.0
  0
LINE
  8
0
 10
7.79756990699
 20
-9.30602375639
 30
0.0
 11
7.71140914408
 21
-9.36847039355
 31
0.0
  0
LINE
  8
0
 10
7.71140914408
 20
-9.36847039355
 30
0.0
 11
7.62228074787
 21
-9.42657624668
 31
0.0
  0
LINE
  8
0
 10
7.62228074787
 20
-9.42657624668
 30
0.0
 11
7.5304465618
 21
-9.48027584358
 31
0.0
  0
LINE
  8
0
 10
7.5304465618
 20
-9.48027584358
 30
0.0
 11
7.43616265674
 21
-9.52951819988
 31
0.0
  0
LINE
  8
0
 10
7.43616265674
 20
-9.52951819988
 30
0.0
 11
7.33967895367
 21
-9.57426584234
 31
0.0
  0
LINE
  8
0
 10
7.33967895367
 20
-9.57426584234
 30
0.0
 11
7.24123891396
 21
-9.61449387813
 31
0.0
  0
LINE
  8
0
 10
7.24123891396
 20
-9.61449387813
 30
0.0
 11
7.14107928999
 21
-9.65018910928
 31
0.0
  0
LINE
  8
0
 10
7.14107928999
 20
-9.65018910928
 30
0.0
 11
7.03942992953
 21
-9.6813491915
 31
0.0
  0
LINE
  8
0
 10
7.03942992953
 20
-9.6813491915
 30
0.0
 11
6.93651362787
 21
-9.70798183617
 31
0.0
  0
LINE
  8
0
 10
6.93651362787
 20
-9.70798183617
 30
0.0
 11
6.8325460223
 21
-9.73010405429
 31
0.0
  0
LINE
  8
0
 10
6.8325460223
 20
-9.73010405429
 30
0.0
 11
6.72773552417
 21
-9.74774144088
 31
0.0
  0
LINE
  8
0
 10
6.72773552417
 20
-9.74774144088
 30
0.0
 11
6.62228328405
 21
-9.76092749864
 31
0.0
  0
LINE
  8
0
 10
6.62228328405
 20
-9.76092749864
 30
0.0
 11
6.5163831862
 21
-9.76970299911
 31
0.0
  0
LINE
  8
0
 10
6.5163831862
 20
-9.76970299911
 30
0.0
 11
6.41022186858
 21
-9.77411537997
 31
0.0
  0
LINE
  8
0
 10
6.41022186858
 20
-9.77411537997
 30
0.0
 11
6.30397876542
 21
-9.7742181769
 31
0.0
  0
LINE
  8
0
 10
6.30397876542
 20
-9.7742181769
 30
0.0
 11
6.19782616939
 21
-9.77007048854
 31
0.0
  0
LINE
  8
0
 10
6.19782616939
 20
-9.77007048854
 30
0.0
 11
6.09192931074
 21
-9.76173647287
 31
0.0
  0
LINE
  8
0
 10
6.09192931074
 20
-9.76173647287
 30
0.0
 11
5.98644645119
 21
-9.74928487381
 31
0.0
  0
LINE
  8
0
 10
5.98644645119
 20
-9.74928487381
 30
0.0
 11
5.88152899046
 21
-9.73278857631
 31
0.0
  0
LINE
  8
0
 10
5.88152899046
 20
-9.73278857631
 30
0.0
 11
5.77732158348
 21
-9.71232418869
 31
0.0
  0
LINE
  8
0
 10
5.77732158348
 20
-9.71232418869
 30
0.0
 11
5.67396226677
 21
-9.68797165082
 31
0.0
  0
LINE
  8
0
 10
5.67396226677
 20
-9.68797165082
 30
0.0
 11
5.5715825924
 21
-9.65981386683
 31
0.0
  0
LINE
  8
0
 10
5.5715825924
 20
-9.65981386683
 30
0.0
 11
5.47030776815
 21
-9.62793636105
 31
0.0
  0
LINE
  8
0
 10
5.47030776815
 20
-9.62793636105
 30
0.0
 11
5.37025680279
 21
-9.59242695595
 31
0.0
  0
LINE
  8
0
 10
5.37025680279
 20
-9.59242695595
 30
0.0
 11
5.27154265535
 21
-9.55337547094
 31
0.0
  0
LINE
  8
0
 10
5.27154265535
 20
-9.55337547094
 30
0.0
 11
5.17427238742
 21
-9.51087344092
 31
0.0
  0
LINE
  8
0
 10
5.17427238742
 20
-9.51087344092
 30
0.0
 11
5.07854731767
 21
-9.46501385343
 31
0.0
  0
LINE
  8
0
 10
5.07854731767
 20
-9.46501385343
 30
0.0
 11
4.98446317781
 21
-9.4158909034
 31
0.0
  0
LINE
  8
0
 10
4.98446317781
 20
-9.4158909034
 30
0.0
 11
4.89211026937
 21
-9.36359976458
 31
0.0
  0
LINE
  8
0
 10
4.89211026937
 20
-9.36359976458
 30
0.0
 11
4.8015736207
 21
-9.30823637663
 31
0.0
  0
LINE
  8
0
 10
4.8015736207
 20
-9.30823637663
 30
0.0
 11
4.71293314363
 21
-9.24989724706
 31
0.0
  0
LINE
  8
0
 10
4.71293314363
 20
-9.24989724706
 30
0.0
 11
4.62626378941
 21
-9.18867926707
 31
0.0
  0
LINE
  8
0
 10
4.62626378941
 20
-9.18867926707
 30
0.0
 11
4.54163570348
 21
-9.1246795406
 31
0.0
  0
LINE
  8
0
 10
4.54163570348
 20
-9.1246795406
 30
0.0
 11
4.45911437875
 21
-9.05799522579
 31
0.0
  0
ARC
  8
0
 10
3.20206970901
 20
-10.6135782992
 30
0.0
 40
2.0
 50
411.058812971
 51
111.058812971
  0
CIRCLE
  8
0
 10
7.12883684872
 20
-9.36790475288
 30
0.0
 40
0.130713038312
  0
CIRCLE
  8
0
 10
6.60622474297
 20
-9.45171858974
 30
0.0
 40
0.157747801342
  0
CIRCLE
  8
0
 10
6.01925863452
 20
-9.39650183509
 30
0.0
 40
0.185407525913
  0
CIRCLE
  8
0
 10
5.41043237981
 20
-9.17249484941
 30
0.0
 40
0.21143668702
  0
CIRCLE
  8
0
 10
4.83799750837
 20
-8.76996316789
 30
0.0
 40
0.231391054056
  0
CIRCLE
  8
0
 10
4.86491647347
 20
-8.79496288504
 30
0.0
 40
0.231391054056
  0
CIRCLE
  8
0
 10
4.28448587962
 20
-8.44773328029
 30
0.0
 40
0.2451595325
  0
CIRCLE
  8
0
 10
3.61191402485
 20
-8.29220993261
 30
0.0
 40
0.249995365597
  0
CIRCLE
  8
0
 10
2.92654550073
 20
-8.35219797257
 30
0.0
 40
0.238203636936
  0
CIRCLE
  8
0
 10
2.2949815509
 20
-8.55857095799
 30
0.0
 40
0.226909669519
  0
CIRCLE
  8
0
 10
1.64836498633
 20
-8.65535291155
 30
0.0
 40
0.217473318246
  0
CIRCLE
  8
0
 10
1.01482761437
 20
-8.61307254352
 30
0.0
 40
0.209774670658
  0
CIRCLE
  8
0
 10
0.418743767273
 20
-8.44417780247
 30
0.0
 40
0.204242340678
  0
CIRCLE
  8
0
 10
-0.120659764366
 20
-8.16257979556
 30
0.0
 40
0.200975196153
  0
CIRCLE
  8
0
 10
-0.587499533733
 20
-7.78257334228
 30
0.0
 40
0.196786011413
  0
CIRCLE
  8
0
 10
-0.941950625404
 20
-7.35716983675
 30
0.0
 40
0.159575079989
  0
CIRCLE
  8
0
 10
-1.18378164784
 20
-6.93599087124
 30
0.0
 40
0.128193285238
  0
CIRCLE
  8
0
 10
1.43852533793
 20
-5.76780607244
 30
0.0
 40
2.5
  0
ENDSEC
  0
EOF
