  0
SECTION
  2
HEADER
  9
$ACADVER
  1
AC1009
  9
$EXTMIN
 10
0.0
 20
0.0
 30
0.0
  9
$EXTMAX
 10
100.0
 20
100.0
 30
0.0
  9
$INSBASE
 10
0.0
 20
0.0
 30
0.0
  0
ENDSEC
  0
SECTION
  2
TABLES
  0
TABLE
  2
LTYPE
 70
19
  0
LTYPE
  2
PHANTOM
 70
0
  3
Phantom ______  __  __  ______  __  __  ______
 72
65
 73
6
 40
2.5
 49
1.25
 49
-0.25
 49
0.25
 49
-0.25
 49
0.25
 49
-0.25
  0
LTYPE
  2
DOT2
 70
0
  3
Dot (.5) . . . . . . . . . . . . . . . . . . . 
 72
65
 73
2
 40
0.1
 49
0.0
 49
-0.1
  0
LTYPE
  2
DIVIDE
 70
0
  3
Divide __ . . __ . . __ . . __ . . __ . . __
 72
65
 73
6
 40
1.6
 49
1.0
 49
-0.2
 49
0.0
 49
-0.2
 49
0.0
 49
-0.2
  0
LTYPE
  2
DIVIDEX2
 70
0
  3
Divide (2x) ____  . .  ____  . .  ____  . .  ____
 72
65
 73
6
 40
2.6
 49
2.0
 49
-0.2
 49
0.0
 49
-0.2
 49
0.0
 49
-0.2
  0
LTYPE
  2
CENTER
 70
0
  3
Center ____ _ ____ _ ____ _ ____ _ ____ _ ____
 72
65
 73
4
 40
2.0
 49
1.25
 49
-0.25
 49
0.25
 49
-0.25
  0
LTYPE
  2
DASHDOT
 70
0
  3
Dash dot __ . __ . __ . __ . __ . __ . __ . __
 72
65
 73
4
 40
1.4
 49
1.0
 49
-0.2
 49
0.0
 49
-0.2
  0
LTYPE
  2
CENTERX2
 70
0
  3
Center (2x) ________  __  ________  __  ________
 72
65
 73
4
 40
3.5
 49
2.5
 49
-0.25
 49
0.5
 49
-0.25
  0
LTYPE
  2
PHANTOMX2
 70
0
  3
Phantom (2x)____________    ____    ____    ____________
 72
65
 73
6
 40
4.25
 49
2.5
 49
-0.25
 49
0.5
 49
-0.25
 49
0.5
 49
-0.25
  0
LTYPE
  2
CONTINUOUS
 70
0
  3
Solid
 72
65
 73
0
 40
0.0
  0
LTYPE
  2
PHANTOM2
 70
0
  3
Phantom (.5x) ___ _ _ ___ _ _ ___ _ _ ___ _ _ ___
 72
65
 73
6
 40
1.25
 49
0.625
 49
-0.125
 49
0.125
 49
-0.125
 49
0.125
 49
-0.125
  0
LTYPE
  2
DASHED
 70
0
  3
Dashed __ __ __ __ __ __ __ __ __ __ __ __ __ _
 72
65
 73
2
 40
0.6
 49
0.5
 49
-0.1
  0
LTYPE
  2
DASHED2
 70
0
  3
Dashed (.5x) _ _ _ _ _ _ _ _ _ _ _ _ _ _
 72
65
 73
2
 40
0.3
 49
0.25
 49
-0.05
  0
LTYPE
  2
DASHDOT2
 70
0
  3
Dash dot (.5x) _ . _ . _ . _ . _ . _ . _ . _
 72
65
 73
4
 40
0.7
 49
0.5
 49
-0.1
 49
0.0
 49
-0.1
  0
LTYPE
  2
DOTX2
 70
0
  3
Dot (2x) .    .    .    .    .    .    .    . 
 72
65
 73
2
 40
0.4
 49
0.0
 49
-0.4
  0
LTYPE
  2
DIVIDE2
 70
0
  3
Divide(.5x) _ . _ . _ . _ . _ . _ . _ . _
 72
65
 73
6
 40
0.8
 49
0.5
 49
-0.1
 49
0.0
 49
-0.1
 49
0.0
 49
-0.1
  0
LTYPE
  2
CENTER2
 70
0
  3
Center (.5x) ____ _ ____ _ ____ _ ____ _ ____
 72
65
 73
4
 40
1.0
 49
0.625
 49
-0.125
 49
0.125
 49
-0.125
  0
LTYPE
  2
DASHDOTX2
 70
0
  3
Dash dot (2x) ____  .  ____  .  ____  .  ____
 72
65
 73
4
 40
2.4
 49
2.0
 49
-0.2
 49
0.0
 49
-0.2
  0
LTYPE
  2
DOT
 70
0
  3
Dot .  .  .  .  .  .  .  .  .  .  .  .  .  .  .  .
 72
65
 73
2
 40
0.2
 49
0.0
 49
-0.2
  0
LTYPE
  2
DASHEDX2
 70
0
  3
Dashed (2x) ____  ____  ____  ____  ____  ____
 72
65
 73
2
 40
1.2
 49
1.0
 49
-0.2
  0
ENDTAB
  0
TABLE
  2
LAYER
 70
5
  0
LAYER
  2
VIEWPORTS
 70
0
 62
7
  6
CONTINUOUS
  0
LAYER
  2
TABLEGRID
 70
0
 62
1
  6
CONTINUOUS
  0
LAYER
  2
TABLECONTENT
 70
0
 62
1
  6
CONTINUOUS
  0
LAYER
  2
DIMENSIONS
 70
0
 62
1
  6
CONTINUOUS
  0
LAYER
  2
TABLEBACKGROUND
 70
0
 62
1
  6
CONTINUOUS
  0
ENDTAB
  0
TABLE
  2
STYLE
 70
12
  0
STYLE
  2
TIMES
 70
0
 40
0.0
 41
1.0
 42
1.0
 50
0.0
 71
0
  3
times.ttf
  4

  0
STYLE
  2
ARIAL
 70
0
 40
0.0
 41
1.0
 42
1.0
 50
0.0
 71
0
  3
arial.ttf
  4

  0
STYLE
  2
TIMES_BOLD
 70
0
 40
0.0
 41
1.0
 42
1.0
 50
0.0
 71
0
  3
timesbd.ttf
  4

  0
STYLE
  2
ARIAL_BLACK
 70
0
 40
0.0
 41
1.0
 42
1.0
 50
0.0
 71
0
  3
ariblk.ttf
  4

  0
STYLE
  2
TIMES_ITALIC
 70
0
 40
0.0
 41
1.0
 42
1.0
 50
0.0
 71
0
  3
timesi.ttf
  4

  0
STYLE
  2
ISOCPEUR
 70
0
 40
0.0
 41
1.0
 42
1.0
 50
0.0
 71
0
  3
isocpeur.ttf
  4

  0
STYLE
  2
ARIAL_BOLD
 70
0
 40
0.0
 41
1.0
 42
1.0
 50
0.0
 71
0
  3
arialbd.ttf
  4

  0
STYLE
  2
ARIAL_ITALIC
 70
0
 40
0.0
 41
1.0
 42
1.0
 50
0.0
 71
0
  3
ariali.ttf
  4

  0
STYLE
  2
ARIAL_BOLD_ITALIC
 70
0
 40
0.0
 41
1.0
 42
1.0
 50
0.0
 71
0
  3
arialbi.ttf
  4

  0
STYLE
  2
TIMES_BOLD_ITALIC
 70
0
 40
0.0
 41
1.0
 42
1.0
 50
0.0
 71
0
  3
timesbi.ttf
  4

  0
STYLE
  2
ISOCPEUR_ITALIC
 70
0
 40
0.0
 41
1.0
 42
1.0
 50
0.0
 71
0
  3
isocpeui.ttf
  4

  0
STYLE
  2
STANDARD
 70
0
 40
0.0
 41
1.0
 42
1.0
 50
0.0
 71
0
  3
arial.ttf
  4

  0
ENDTAB
  0
TABLE
  2
VIEW
 70
0
  0
ENDTAB
  0
TABLE
  2
APPID
 70
1
  0
APPID
  2
DXFWRITE
 70
0
  0
ENDTAB
  0
TABLE
  2
VPORT
 70
0
  0
ENDTAB
  0
TABLE
  2
UCS
 70
0
  0
ENDTAB
  0
ENDSEC
  0
SECTION
  2
BLOCKS
  0
ENDSEC
  0
SECTION
  2
ENTITIES
  0
VIEWPORT
  8
VIEWPORTS
 67
1
 10
0.0
 20
0.0
 30
0.0
 40
1.0
 41
1.0
 68
1
 69
1
1001
ACAD
1000
MVIEW
1002
{
1070
16
1010
0.0
1020
0.0
1030
0.0
1010
0.0
1020
0.0
1030
0.0
1040
0.0
1040
1.0
1040
0.0
1040
0.0
1040
50.0
1040
0.0
1040
0.0
1070
0
1070
100
1070
1
1070
3
1070
0
1070
0
1070
0
1070
0
1040
0.0
1040
0.0
1040
0.0
1040
0.1
1040
0.1
1040
0.1
1040
0.1
1070
0
1002
{
1002
}
1002
}
  0
LINE
  8
0
 10
-9.18485099361e-17
 20
-0.5
 30
0.0
 11
-0.104971651929
 21
-0.517814411923
 31
0.0
  0
LINE
  8
0
 10
-0.104971651929
 20
-0.517814411923
 30
0.0
 11
-0.211266726392
 21
-0.515002968465
 31
0.0
  0
LINE
  8
0
 10
-0.211266726392
 20
-0.515002968465
 30
0.0
 11
-0.315120888407
 21
-0.492777283901
 31
0.0
  0
LINE
  8
0
 10
-0.315120888407
 20
-0.492777283901
 30
0.0
 11
-0.41340326397
 21
-0.452828407552
 31
0.0
  0
LINE
  8
0
 10
-0.41340326397
 20
-0.452828407552
 30
0.0
 11
-0.503590395067
 21
-0.397155338562
 31
0.0
  0
LINE
  8
0
 10
-0.503590395067
 20
-0.397155338562
 30
0.0
 11
-0.583720997897
 21
-0.327930481929
 31
0.0
  0
LINE
  8
0
 10
-0.583720997897
 20
-0.327930481929
 30
0.0
 11
-0.652340768434
 21
-0.247396134229
 31
0.0
  0
LINE
  8
0
 10
-0.652340768434
 20
-0.247396134229
 30
0.0
 11
-0.708443349733
 21
-0.157786491082
 31
0.0
  0
LINE
  8
0
 10
-0.708443349733
 20
-0.157786491082
 30
0.0
 11
-0.75141139775
 21
-0.0612703141422
 31
0.0
  0
LINE
  8
0
 10
-0.75141139775
 20
-0.0612703141422
 30
0.0
 11
-0.780960181512
 21
0.0400898958789
 31
0.0
  0
LINE
  8
0
 10
-0.780960181512
 20
0.0400898958789
 30
0.0
 11
-0.797085129844
 21
0.144365691605
 31
0.0
  0
LINE
  8
0
 10
-0.797085129844
 20
0.144365691605
 30
0.0
 11
-0.800014048032
 21
0.249780293854
 31
0.0
  0
LINE
  8
0
 10
-0.800014048032
 20
0.249780293854
 30
0.0
 11
-0.790164272522
 21
0.354718353294
 31
0.0
  0
LINE
  8
0
 10
-0.790164272522
 20
0.354718353294
 30
0.0
 11
-0.768104738417
 21
0.457729732507
 31
0.0
  0
LINE
  8
0
 10
-0.768104738417
 20
0.457729732507
 30
0.0
 11
-0.734522752732
 21
0.557528807082
 31
0.0
  0
LINE
  8
0
 10
-0.734522752732
 20
0.557528807082
 30
0.0
 11
-0.690195160716
 21
0.652990475999
 31
0.0
  0
LINE
  8
0
 10
-0.690195160716
 20
0.652990475999
 30
0.0
 11
-0.635963538224
 21
0.743143820227
 31
0.0
  0
LINE
  8
0
 10
-0.635963538224
 20
0.743143820227
 30
0.0
 11
-0.572713022832
 21
0.82716414508
 31
0.0
  0
LINE
  8
0
 10
-0.572713022832
 20
0.82716414508
 30
0.0
 11
-0.501354398117
 21
0.90436397808
 31
0.0
  0
LINE
  8
0
 10
-0.501354398117
 20
0.90436397808
 30
0.0
 11
-0.422809060978
 21
0.974183462929
 31
0.0
  0
LINE
  8
0
 10
-0.422809060978
 20
0.974183462929
 30
0.0
 11
-0.337996525328
 21
1.03618048552
 31
0.0
  0
LINE
  8
0
 10
-0.337996525328
 20
1.03618048552
 30
0.0
 11
-0.247824143183
 21
1.09002078482
 31
0.0
  0
LINE
  8
0
 10
-0.247824143183
 20
1.09002078482
 30
0.0
 11
-0.153178753454
 21
1.13546823571
 31
0.0
  0
LINE
  8
0
 10
-0.153178753454
 20
1.13546823571
 30
0.0
 11
-0.0549199980001
 21
1.1723754391
 31
0.0
  0
LINE
  8
0
 10
-0.0549199980001
 20
1.1723754391
 30
0.0
 11
0.0461249273286
 21
1.20067471402
 31
0.0
  0
LINE
  8
0
 10
0.0461249273286
 20
1.20067471402
 30
0.0
 11
0.149165292459
 21
1.22036955497
 31
0.0
  0
LINE
  8
0
 10
0.149165292459
 20
1.22036955497
 30
0.0
 11
0.253449805061
 21
1.23152659318
 31
0.0
  0
LINE
  8
0
 10
0.253449805061
 20
1.23152659318
 30
0.0
 11
0.358268693828
 21
1.23426808191
 31
0.0
  0
LINE
  8
0
 10
0.358268693828
 20
1.23426808191
 30
0.0
 11
0.462955042104
 21
1.22876491158
 31
0.0
  0
LINE
  8
0
 10
0.462955042104
 20
1.22876491158
 30
0.0
 11
0.566885492918
 21
1.21523015002
 31
0.0
  0
LINE
  8
0
 10
0.566885492918
 20
1.21523015002
 30
0.0
 11
0.669480430491
 21
1.1939130952
 31
0.0
  0
LINE
  8
0
 10
0.669480430491
 20
1.1939130952
 30
0.0
 11
0.770203729105
 21
1.16509382252
 31
0.0
  0
LINE
  8
0
 10
0.770203729105
 20
1.16509382252
 30
0.0
 11
0.868562147761
 21
1.12907820444
 31
0.0
  0
LINE
  8
0
 10
0.868562147761
 20
1.12907820444
 30
0.0
 11
0.964104438078
 21
1.08619337836
 31
0.0
  0
LINE
  8
0
 10
0.964104438078
 20
1.08619337836
 30
0.0
 11
1.05642022328
 21
1.03678363656
 31
0.0
  0
LINE
  8
0
 10
1.05642022328
 20
1.03678363656
 30
0.0
 11
1.1451386977
 21
0.981206711983
 31
0.0
  0
LINE
  8
0
 10
1.1451386977
 20
0.981206711983
 30
0.0
 11
1.22992718904
 21
0.919830433046
 31
0.0
  0
LINE
  8
0
 10
1.22992718904
 20
0.919830433046
 30
0.0
 11
1.31048961905
 21
0.853029721556
 31
0.0
  0
LINE
  8
0
 10
1.31048961905
 20
0.853029721556
 30
0.0
 11
1.38656489298
 21
0.781183908163
 31
0.0
  0
LINE
  8
0
 10
1.38656489298
 20
0.781183908163
 30
0.0
 11
1.45792524328
 21
0.704674340934
 31
0.0
  0
LINE
  8
0
 10
1.45792524328
 20
0.704674340934
 30
0.0
 11
1.52437454892
 21
0.623882263711
 31
0.0
  0
LINE
  8
0
 10
1.52437454892
 20
0.623882263711
 30
0.0
 11
1.58574664803
 21
0.539186942096
 31
0.0
  0
LINE
  8
0
 10
1.58574664803
 20
0.539186942096
 30
0.0
 11
1.64190365869
 21
0.450964016217
 31
0.0
  0
LINE
  8
0
 10
1.64190365869
 20
0.450964016217
 30
0.0
 11
1.69273431991
 21
0.359584060675
 31
0.0
  0
LINE
  8
0
 10
1.69273431991
 20
0.359584060675
 30
0.0
 11
1.73815236249
 21
0.265411333398
 31
0.0
  0
LINE
  8
0
 10
1.73815236249
 20
0.265411333398
 30
0.0
 11
1.77809491776
 21
0.168802696336
 31
0.0
  0
LINE
  8
0
 10
1.77809491776
 20
0.168802696336
 30
0.0
 11
1.8125209704
 21
0.0701066922008
 31
0.0
  0
LINE
  8
0
 10
1.8125209704
 20
0.0701066922008
 30
0.0
 11
1.84140985992
 21
-0.030337237421
 31
0.0
  0
LINE
  8
0
 10
1.84140985992
 20
-0.030337237421
 30
0.0
 11
1.86475983464
 21
-0.132199406109
 31
0.0
  0
LINE
  8
0
 10
1.86475983464
 20
-0.132199406109
 30
0.0
 11
1.88258666061
 21
-0.235160421279
 31
0.0
  0
LINE
  8
0
 10
1.88258666061
 20
-0.235160421279
 30
0.0
 11
1.89492228718
 21
-0.338911618978
 31
0.0
  0
LINE
  8
0
 10
1.89492228718
 20
-0.338911618978
 30
0.0
 11
1.90181357019
 21
-0.443155405328
 31
0.0
  0
LINE
  8
0
 10
1.90181357019
 20
-0.443155405328
 30
0.0
 11
1.90332105321
 21
-0.547605514313
 31
0.0
  0
LINE
  8
0
 10
1.90332105321
 20
-0.547605514313
 30
0.0
 11
1.89951780678
 21
-0.651987190749
 31
0.0
  0
LINE
  8
0
 10
1.89951780678
 20
-0.651987190749
 30
0.0
 11
1.89048832494
 21
-0.756037306544
 31
0.0
  0
LINE
  8
0
 10
1.89048832494
 20
-0.756037306544
 30
0.0
 11
1.87632747837
 21
-0.859504417636
 31
0.0
  0
LINE
  8
0
 10
1.87632747837
 20
-0.859504417636
 30
0.0
 11
1.85713952289
 21
-0.962148768348
 31
0.0
  0
ARC
  8
0
 10
-0.600291492494
 20
-0.502765698759
 30
0.0
 40
2.5
 50
-70.5884515447
 51
-10.5884515447
  0
ARC
  8
0
 10
1.2276403261
 20
-5.69012198752
 30
0.0
 40
3.0
 50
109.411548455
 51
169.411548455
  0
LINE
  8
0
 10
-9.18485099361e-17
 20
-0.5
 30
0.0
 11
-0.106265950318
 21
-0.524199053369
 31
0.0
  0
LINE
  8
0
 10
-0.106265950318
 20
-0.524199053369
 30
0.0
 11
-0.2149827768
 21
-0.527521745271
 31
0.0
  0
LINE
  8
0
 10
-0.2149827768
 20
-0.527521745271
 30
0.0
 11
-0.322329069447
 21
-0.511232556322
 31
0.0
  0
LINE
  8
0
 10
-0.322329069447
 20
-0.511232556322
 30
0.0
 11
-0.425195955707
 21
-0.47702788109
 31
0.0
  0
LINE
  8
0
 10
-0.425195955707
 20
-0.47702788109
 30
0.0
 11
-0.521119269431
 21
-0.426855281983
 31
0.0
  0
LINE
  8
0
 10
-0.521119269431
 20
-0.426855281983
 30
0.0
 11
-0.608203338635
 21
-0.362782281088
 31
0.0
  0
LINE
  8
0
 10
-0.608203338635
 20
-0.362782281088
 30
0.0
 11
-0.685044536145
 21
-0.286902625087
 31
0.0
  0
LINE
  8
0
 10
-0.685044536145
 20
-0.286902625087
 30
0.0
 11
-0.750658974214
 21
-0.20127067098
 31
0.0
  0
LINE
  8
0
 10
-0.750658974214
 20
-0.20127067098
 30
0.0
 11
-0.804416482679
 21
-0.107856735662
 31
0.0
  0
LINE
  8
0
 10
-0.804416482679
 20
-0.107856735662
 30
0.0
 11
-0.8459816929
 21
-0.00851797462797
 31
0.0
  0
LINE
  8
0
 10
-0.8459816929
 20
-0.00851797462797
 30
0.0
 11
-0.875262294777
 21
0.0950193170102
 31
0.0
  0
LINE
  8
0
 10
-0.875262294777
 20
0.0950193170102
 30
0.0
 11
-0.892364120778
 21
0.201169074149
 31
0.0
  0
LINE
  8
0
 10
-0.892364120778
 20
0.201169074149
 30
0.0
 11
-0.897552503689
 21
0.308488825163
 31
0.0
  0
LINE
  8
0
 10
-0.897552503689
 20
0.308488825163
 30
0.0
 11
-0.891219270421
 21
0.415678789834
 31
0.0
  0
LINE
  8
0
 10
-0.891219270421
 20
0.415678789834
 30
0.0
 11
-0.873854721124
 21
0.521578012197
 31
0.0
  0
LINE
  8
0
 10
-0.873854721124
 20
0.521578012197
 30
0.0
 11
-0.846023969661
 21
0.625158496417
 31
0.0
  0
LINE
  8
0
 10
-0.846023969661
 20
0.625158496417
 30
0.0
 11
-0.808347068698
 21
0.725518063103
 31
0.0
  0
LINE
  8
0
 10
-0.808347068698
 20
0.725518063103
 30
0.0
 11
-0.761482398802
 21
0.821872454353
 31
0.0
  0
LINE
  8
0
 10
-0.761482398802
 20
0.821872454353
 30
0.0
 11
-0.70611285901
 21
0.91354707325
 31
0.0
  0
LINE
  8
0
 10
-0.70611285901
 20
0.91354707325
 30
0.0
 11
-0.642934452587
 21
0.999968636239
 31
0.0
  0
LINE
  8
0
 10
-0.642934452587
 20
0.999968636239
 30
0.0
 11
-0.572646913946
 21
1.08065693605
 31
0.0
  0
LINE
  8
0
 10
-0.572646913946
 20
1.08065693605
 30
0.0
 11
-0.495946070112
 21
1.1552168524
 31
0.0
  0
LINE
  8
0
 10
-0.495946070112
 20
1.1552168524
 30
0.0
 11
-0.413517672385
 21
1.22333070232
 31
0.0
  0
LINE
  8
0
 10
-0.413517672385
 20
1.22333070232
 30
0.0
 11
-0.326032471035
 21
1.28475098846
 31
0.0
  0
LINE
  8
0
 10
-0.326032471035
 20
1.28475098846
 30
0.0
 11
-0.234142338419
 21
1.33929357868
 31
0.0
  0
LINE
  8
0
 10
-0.234142338419
 20
1.33929357868
 30
0.0
 11
-0.138477274057
 21
1.3868313322
 31
0.0
  0
LINE
  8
0
 10
-0.138477274057
 20
1.3868313322
 30
0.0
 11
-0.039643149641
 21
1.42728817417
 31
0.0
  0
LINE
  8
0
 10
-0.039643149641
 20
1.42728817417
 30
0.0
 11
0.0617799271522
 21
1.46063361131
 31
0.0
  0
LINE
  8
0
 10
0.0617799271522
 20
1.46063361131
 30
0.0
 11
0.165238733086
 21
1.48687767481
 31
0.0
  0
LINE
  8
0
 10
0.165238733086
 20
1.48687767481
 30
0.0
 11
0.270207621693
 21
1.50606627201
 31
0.0
  0
LINE
  8
0
 10
0.270207621693
 20
1.50606627201
 30
0.0
 11
0.376188861933
 21
1.51827692614
 31
0.0
  0
LINE
  8
0
 10
0.376188861933
 20
1.51827692614
 30
0.0
 11
0.482712686337
 21
1.52361488132
 31
0.0
  0
LINE
  8
0
 10
0.482712686337
 20
1.52361488132
 30
0.0
 11
0.589337102137
 21
1.52220954975
 31
0.0
  0
LINE
  8
0
 10
0.589337102137
 20
1.52220954975
 30
0.0
 11
0.695647510682
 21
1.51421127782
 31
0.0
  0
LINE
  8
0
 10
0.695647510682
 20
1.51421127782
 30
0.0
 11
0.801256173389
 21
1.49978840818
 31
0.0
  0
LINE
  8
0
 10
0.801256173389
 20
1.49978840818
 30
0.0
 11
0.905801556526
 21
1.47912461594
 31
0.0
  0
LINE
  8
0
 10
0.905801556526
 20
1.47912461594
 30
0.0
 11
1.00894758201
 21
1.45241649756
 31
0.0
  0
LINE
  8
0
 10
1.00894758201
 20
1.45241649756
 30
0.0
 11
1.11038280708
 21
1.41987139255
 31
0.0
  0
LINE
  8
0
 10
1.11038280708
 20
1.41987139255
 30
0.0
 11
1.20981955193
 21
1.38170541908
 31
0.0
  0
LINE
  8
0
 10
1.20981955193
 20
1.38170541908
 30
0.0
 11
1.3069929914
 21
1.33814170563
 31
0.0
  0
LINE
  8
0
 10
1.3069929914
 20
1.33814170563
 30
0.0
 11
1.40166022393
 21
1.28940880231
 31
0.0
  0
LINE
  8
0
 10
1.40166022393
 20
1.28940880231
 30
0.0
 11
1.49359932895
 21
1.23573925637
 31
0.0
  0
LINE
  8
0
 10
1.49359932895
 20
1.23573925637
 30
0.0
 11
1.5826084216
 21
1.17736833775
 31
0.0
  0
LINE
  8
0
 10
1.5826084216
 20
1.17736833775
 30
0.0
 11
1.66850471251
 21
1.11453290139
 31
0.0
  0
LINE
  8
0
 10
1.66850471251
 20
1.11453290139
 30
0.0
 11
1.75112357848
 21
1.04747037427
 31
0.0
  0
LINE
  8
0
 10
1.75112357848
 20
1.04747037427
 30
0.0
 11
1.83031764908
 21
0.976417855943
 31
0.0
  0
LINE
  8
0
 10
1.83031764908
 20
0.976417855943
 30
0.0
 11
1.90595591294
 21
0.901611322273
 31
0.0
  0
LINE
  8
0
 10
1.90595591294
 20
0.901611322273
 30
0.0
 11
1.97792284691
 21
0.82328492301
 31
0.0
  0
LINE
  8
0
 10
1.97792284691
 20
0.82328492301
 30
0.0
 11
2.04611757033
 21
0.741670364491
 31
0.0
  0
LINE
  8
0
 10
2.04611757033
 20
0.741670364491
 30
0.0
 11
2.11045302611
 21
0.656996369599
 31
0.0
  0
LINE
  8
0
 10
2.11045302611
 20
0.656996369599
 30
0.0
 11
2.17085518999
 21
0.569488207694
 31
0.0
  0
LINE
  8
0
 10
2.17085518999
 20
0.569488207694
 30
0.0
 11
2.22726230856
 21
0.479367287931
 31
0.0
  0
LINE
  8
0
 10
2.22726230856
 20
0.479367287931
 30
0.0
 11
2.2796241668
 21
0.386850809876
 31
0.0
  0
LINE
  8
0
 10
2.2796241668
 20
0.386850809876
 30
0.0
 11
2.327901385
 21
0.292151465926
 31
0.0
  0
LINE
  8
0
 10
2.327901385
 20
0.292151465926
 30
0.0
 11
2.37206474527
 21
0.195477190466
 31
0.0
  0
LINE
  8
0
 10
2.37206474527
 20
0.195477190466
 30
0.0
 11
2.4120945471
 21
0.097030951179
 31
0.0
  0
LINE
  8
0
 10
2.4120945471
 20
0.097030951179
 30
0.0
 11
2.44797999184
 21
-0.00298942168958
 31
0.0
  0
LINE
  8
0
 10
2.44797999184
 20
-0.00298942168958
 30
0.0
 11
2.47971859532
 21
-0.104391371934
 31
0.0
  0
LINE
  8
0
 10
2.47971859532
 20
-0.104391371934
 30
0.0
 11
2.50731562804
 21
-0.206987723335
 31
0.0
  0
LINE
  8
0
 10
2.50731562804
 20
-0.206987723335
 30
0.0
 11
2.53078358227
 21
-0.310596758113
 31
0.0
  0
LINE
  8
0
 10
2.53078358227
 20
-0.310596758113
 30
0.0
 11
2.55014166513
 21
-0.415042270785
 31
0.0
  0
LINE
  8
0
 10
2.55014166513
 20
-0.415042270785
 30
0.0
 11
2.56541531701
 21
-0.520153600027
 31
0.0
  0
LINE
  8
0
 10
2.56541531701
 20
-0.520153600027
 30
0.0
 11
2.57663575421
 21
-0.625765640944
 31
0.0
  0
LINE
  8
0
 10
2.57663575421
 20
-0.625765640944
 30
0.0
 11
2.58383953525
 21
-0.731718839901
 31
0.0
  0
LINE
  8
0
 10
2.58383953525
 20
-0.731718839901
 30
0.0
 11
2.58706814964
 21
-0.837859173891
 31
0.0
  0
LINE
  8
0
 10
2.58706814964
 20
-0.837859173891
 30
0.0
 11
2.58636762844
 21
-0.944038116218
 31
0.0
  0
LINE
  8
0
 10
2.58636762844
 20
-0.944038116218
 30
0.0
 11
2.58178817564
 21
-1.05011259013
 31
0.0
  0
LINE
  8
0
 10
2.58178817564
 20
-1.05011259013
 30
0.0
 11
2.57338381949
 21
-1.15594491183
 31
0.0
  0
LINE
  8
0
 10
2.57338381949
 20
-1.15594491183
 30
0.0
 11
2.56121208294
 21
-1.26140272432
 31
0.0
  0
LINE
  8
0
 10
2.56121208294
 20
-1.26140272432
 30
0.0
 11
2.54533367234
 21
-1.36635892307
 31
0.0
  0
ARC
  8
0
 10
4.52283172912
 20
-1.66552682817
 30
0.0
 40
2.0
 50
171.397183222
 51
231.397183222
  0
CIRCLE
  8
0
 10
1.94252612209
 20
0.413848143932
 30
0.0
 40
0.144675902702
  0
CIRCLE
  8
0
 10
2.14852454769
 20
-0.109415031074
 30
0.0
 40
0.173318236448
  0
CIRCLE
  8
0
 10
2.21768649028
 20
-0.730578269329
 30
0.0
 40
0.201387680163
  0
CIRCLE
  8
0
 10
2.13670437793
 20
-1.33437498682
 30
0.0
 40
0.220432267914
  0
CIRCLE
  8
0
 10
2.12984474416
 20
-1.99485426872
 30
0.0
 40
0.240472484797
  0
CIRCLE
  8
0
 10
2.32826942808
 20
-2.64624792575
 30
0.0
 40
0.24916123504
  0
CIRCLE
  8
0
 10
2.72857561532
 20
-3.2184447701
 30
0.0
 40
0.242368572061
  0
CIRCLE
  8
0
 10
3.20453363752
 20
-3.66848989116
 30
0.0
 40
0.230408212601
  0
CIRCLE
  8
0
 10
3.59246725634
 20
-4.20345330599
 30
0.0
 40
0.220143212543
  0
CIRCLE
  8
0
 10
3.8477704129
 20
-4.79063897033
 30
0.0
 40
0.21156282514
  0
CIRCLE
  8
0
 10
3.97106230712
 20
-5.4014455558
 30
0.0
 40
0.205271932093
  0
CIRCLE
  8
0
 10
3.9669100741
 20
-6.01197530041
 30
0.0
 40
0.201402891725
  0
CIRCLE
  8
0
 10
3.84161945819
 20
-6.60161677972
 30
0.0
 40
0.200005194784
  0
CIRCLE
  8
0
 10
3.62134586696
 20
-7.11739797912
 30
0.0
 40
0.163549076295
  0
CIRCLE
  8
0
 10
3.35220107897
 20
-7.52885640824
 30
0.0
 40
0.130434591849
  0
LINE
  8
0
 10
-2.44673492657
 20
-9.33934498744
 30
0.0
 11
-2.37882136733
 21
-9.42134589872
 31
0.0
  0
LINE
  8
0
 10
-2.37882136733
 20
-9.42134589872
 30
0.0
 11
-2.32810861155
 21
-9.51480585523
 31
0.0
  0
LINE
  8
0
 10
-2.32810861155
 20
-9.51480585523
 30
0.0
 11
-2.29542953799
 21
-9.61585904011
 31
0.0
  0
LINE
  8
0
 10
-2.29542953799
 20
-9.61585904011
 30
0.0
 11
-2.28088509198
 21
-9.72094851227
 31
0.0
  0
LINE
  8
0
 10
-2.28088509198
 20
-9.72094851227
 30
0.0
 11
-2.28400581848
 21
-9.82688939338
 31
0.0
  0
LINE
  8
0
 10
-2.28400581848
 20
-9.82688939338
 30
0.0
 11
-2.30389100149
 21
-9.93089695937
 31
0.0
  0
LINE
  8
0
 10
-2.30389100149
 20
-9.93089695937
 30
0.0
 11
-2.3393259072
 21
-10.0305905977
 31
0.0
  0
LINE
  8
0
 10
-2.3393259072
 20
-10.0305905977
 30
0.0
 11
-2.38887884394
 21
-10.1239816799
 31
0.0
  0
LINE
  8
0
 10
-2.38887884394
 20
-10.1239816799
 30
0.0
 11
-2.45098028104
 21
-10.2094511895
 31
0.0
  0
LINE
  8
0
 10
-2.45098028104
 20
-10.2094511895
 30
0.0
 11
-2.52398640597
 21
-10.2857212919
 31
0.0
  0
LINE
  8
0
 10
-2.52398640597
 20
-10.2857212919
 30
0.0
 11
-2.6062294199
 21
-10.3518238047
 31
0.0
  0
LINE
  8
0
 10
-2.6062294199
 20
-10.3518238047
 30
0.0
 11
-2.69605668429
 21
-10.4070676233
 31
0.0
  0
LINE
  8
0
 10
-2.69605668429
 20
-10.4070676233
 30
0.0
 11
-2.79186059734
 21
-10.4510064972
 31
0.0
  0
LINE
  8
0
 10
-2.79186059734
 20
-10.4510064972
 30
0.0
 11
-2.89210083567
 21
-10.4834080699
 31
0.0
  0
LINE
  8
0
 10
-2.89210083567
 20
-10.4834080699
 30
0.0
 11
-2.99532036237
 21
-10.5042247545
 31
0.0
  0
LINE
  8
0
 10
-2.99532036237
 20
-10.5042247545
 30
0.0
 11
-3.10015638875
 21
-10.5135667682
 31
0.0
  0
LINE
  8
0
 10
-3.10015638875
 20
-10.5135667682
 30
0.0
 11
-3.20534728633
 21
-10.5116774775
 31
0.0
  0
LINE
  8
0
 10
-3.20534728633
 20
-10.5116774775
 30
0.0
 11
-3.30973627978
 21
-10.4989110868
 31
0.0
  0
LINE
  8
0
 10
-3.30973627978
 20
-10.4989110868
 30
0.0
 11
-3.41227260869
 21
-10.4757126215
 31
0.0
  0
LINE
  8
0
 10
-3.41227260869
 20
-10.4757126215
 30
0.0
 11
-3.51201072482
 21
-10.4426001067
 31
0.0
  0
LINE
  8
0
 10
-3.51201072482
 20
-10.4426001067
 30
0.0
 11
-3.60810798916
 21
-10.4001488075
 31
0.0
  0
LINE
  8
0
 10
-3.60810798916
 20
-10.4001488075
 30
0.0
 11
-3.69982124718
 21
-10.3489773835
 31
0.0
  0
LINE
  8
0
 10
-3.69982124718
 20
-10.3489773835
 30
0.0
 11
-3.78650258905
 21
-10.2897357971
 31
0.0
  0
LINE
  8
0
 10
-3.78650258905
 20
-10.2897357971
 30
0.0
 11
-3.8675945425
 21
-10.2230948204
 31
0.0
  0
LINE
  8
0
 10
-3.8675945425
 20
-10.2230948204
 30
0.0
 11
-3.94262489615
 21
-10.1497369856
 31
0.0
  0
LINE
  8
0
 10
-3.94262489615
 20
-10.1497369856
 30
0.0
 11
-4.0112013113
 21
-10.0703488323
 31
0.0
  0
LINE
  8
0
 10
-4.0112013113
 20
-10.0703488323
 30
0.0
 11
-4.07300584612
 21
-9.98561431426
 31
0.0
  0
LINE
  8
0
 10
-4.07300584612
 20
-9.98561431426
 30
0.0
 11
-4.12778948939
 21
-9.89620923815
 31
0.0
  0
LINE
  8
0
 10
-4.12778948939
 20
-9.89620923815
 30
0.0
 11
-4.17536677822
 21
-9.80279661595
 31
0.0
  0
LINE
  8
0
 10
-4.17536677822
 20
-9.80279661595
 30
0.0
 11
-4.21561055628
 21
-9.70602282454
 31
0.0
  0
LINE
  8
0
 10
-4.21561055628
 20
-9.70602282454
 30
0.0
 11
-4.24844691406
 21
-9.6065144749
 31
0.0
  0
LINE
  8
0
 10
-4.24844691406
 20
-9.6065144749
 30
0.0
 11
-4.2738503411
 21
-9.5048759032
 31
0.0
  0
LINE
  8
0
 10
-4.2738503411
 20
-9.5048759032
 30
0.0
 11
-4.29183911024
 21
-9.40168720493
 31
0.0
  0
LINE
  8
0
 10
-4.29183911024
 20
-9.40168720493
 30
0.0
 11
-4.30247090658
 21
-9.29750274134
 31
0.0
  0
LINE
  8
0
 10
-4.30247090658
 20
-9.29750274134
 30
0.0
 11
-4.30583870759
 21
-9.19285005529
 31
0.0
  0
LINE
  8
0
 10
-4.30583870759
 20
-9.19285005529
 30
0.0
 11
-4.30206691625
 21
-9.08822914036
 31
0.0
  0
LINE
  8
0
 10
-4.30206691625
 20
-9.08822914036
 30
0.0
 11
-4.29130774517
 21
-8.98411201345
 31
0.0
  0
LINE
  8
0
 10
-4.29130774517
 20
-8.98411201345
 30
0.0
 11
-4.27373784704
 21
-8.88094254672
 31
0.0
  0
LINE
  8
0
 10
-4.27373784704
 20
-8.88094254672
 30
0.0
 11
-4.24955518445
 21
-8.7791365202
 31
0.0
  0
LINE
  8
0
 10
-4.24955518445
 20
-8.7791365202
 30
0.0
 11
-4.21897613075
 21
-8.6790818604
 31
0.0
  0
LINE
  8
0
 10
-4.21897613075
 20
-8.6790818604
 30
0.0
 11
-4.18223279227
 21
-8.58113903504
 31
0.0
  0
LINE
  8
0
 10
-4.18223279227
 20
-8.58113903504
 30
0.0
 11
-4.13957054172
 21
-8.48564157733
 31
0.0
  0
LINE
  8
0
 10
-4.13957054172
 20
-8.48564157733
 30
0.0
 11
-4.09124575204
 21
-8.39289671655
 31
0.0
  0
LINE
  8
0
 10
-4.09124575204
 20
-8.39289671655
 30
0.0
 11
-4.03752371976
 21
-8.30318609487
 31
0.0
  0
LINE
  8
0
 10
-4.03752371976
 20
-8.30318609487
 30
0.0
 11
-3.97867676688
 21
-8.21676655257
 31
0.0
  0
LINE
  8
0
 10
-3.97867676688
 20
-8.21676655257
 30
0.0
 11
-3.9149825106
 21
-8.13387096648
 31
0.0
  0
LINE
  8
0
 10
-3.9149825106
 20
-8.13387096648
 30
0.0
 11
-3.84672229008
 21
-8.05470912828
 31
0.0
  0
LINE
  8
0
 10
-3.84672229008
 20
-8.05470912828
 30
0.0
 11
-3.77417974013
 21
-7.97946865126
 31
0.0
  0
LINE
  8
0
 10
-3.77417974013
 20
-7.97946865126
 30
0.0
 11
-3.69763950172
 21
-7.90831589563
 31
0.0
  0
LINE
  8
0
 10
-3.69763950172
 20
-7.90831589563
 30
0.0
 11
-3.61738605998
 21
-7.84139690388
 31
0.0
  0
LINE
  8
0
 10
-3.61738605998
 20
-7.84139690388
 30
0.0
 11
-3.53370270038
 21
-7.77883833905
 31
0.0
  0
LINE
  8
0
 10
-3.53370270038
 20
-7.77883833905
 30
0.0
 11
-3.44687057472
 21
-7.72074841973
 31
0.0
  0
LINE
  8
0
 10
-3.44687057472
 20
-7.72074841973
 30
0.0
 11
-3.35716786842
 21
-7.66721784664
 31
0.0
  0
LINE
  8
0
 10
-3.35716786842
 20
-7.66721784664
 30
0.0
 11
-3.26486906172
 21
-7.61832071645
 31
0.0
  0
LINE
  8
0
 10
-3.26486906172
 20
-7.61832071645
 30
0.0
 11
-3.17024427726
 21
-7.57411541921
 31
0.0
  0
LINE
  8
0
 10
-3.17024427726
 20
-7.57411541921
 30
0.0
 11
-3.07355870731
 21
-7.53464551653
 31
0.0
  0
LINE
  8
0
 10
-3.07355870731
 20
-7.53464551653
 30
0.0
 11
-2.9750721143
 21
-7.49994059807
 31
0.0
  0
ARC
  8
0
 10
-2.14419401494
 20
-9.85782982023
 30
0.0
 40
2.5
 50
49.4115484553
 51
109.411548455
  0
ARC
  8
0
 10
1.43422240032
 20
-5.68111628456
 30
0.0
 40
3.0
 50
229.411548455
 51
-70.588451545
  0
LINE
  8
0
 10
-2.44673492657
 20
-9.33934498744
 30
0.0
 11
-2.37264495644
 21
-9.41927447328
 31
0.0
  0
LINE
  8
0
 10
-2.37264495644
 20
-9.41927447328
 30
0.0
 11
-2.31540900761
 21
-9.51176466089
 31
0.0
  0
LINE
  8
0
 10
-2.31540900761
 20
-9.51176466089
 30
0.0
 11
-2.27584271272
 21
-9.61287387179
 31
0.0
  0
LINE
  8
0
 10
-2.27584271272
 20
-9.61287387179
 30
0.0
 11
-2.25403138727
 21
-9.71906154612
 31
0.0
  0
LINE
  8
0
 10
-2.25403138727
 20
-9.71906154612
 30
0.0
 11
-2.24952047581
 21
-9.82721987217
 31
0.0
  0
LINE
  8
0
 10
-2.24952047581
 20
-9.82721987217
 30
0.0
 11
-2.26146728768
 21
-9.93467338882
 31
0.0
  0
LINE
  8
0
 10
-2.26146728768
 20
-9.93467338882
 30
0.0
 11
-2.28876039865
 21
-10.0391596459
 31
0.0
  0
LINE
  8
0
 10
-2.28876039865
 20
-10.0391596459
 30
0.0
 11
-2.33011262725
 21
-10.1387993932
 31
0.0
  0
LINE
  8
0
 10
-2.33011262725
 20
-10.1387993932
 30
0.0
 11
-2.38413271407
 21
-10.2320617288
 31
0.0
  0
LINE
  8
0
 10
-2.38413271407
 20
-10.2320617288
 30
0.0
 11
-2.44937999959
 21
-10.3177276373
 31
0.0
  0
LINE
  8
0
 10
-2.44937999959
 20
-10.3177276373
 30
0.0
 11
-2.52440562345
 21
-10.3948540282
 31
0.0
  0
LINE
  8
0
 10
-2.52440562345
 20
-10.3948540282
 30
0.0
 11
-2.60778309674
 21
-10.4627395225
 31
0.0
  0
LINE
  8
0
 10
-2.60778309674
 20
-10.4627395225
 30
0.0
 11
-2.69813053599
 21
-10.5208926694
 31
0.0
  0
LINE
  8
0
 10
-2.69813053599
 20
-10.5208926694
 30
0.0
 11
-2.79412638506
 21
-10.5690029109
 31
0.0
  0
LINE
  8
0
 10
-2.79412638506
 20
-10.5690029109
 30
0.0
 11
-2.89452007652
 21
-10.6069143812
 31
0.0
  0
LINE
  8
0
 10
-2.89452007652
 20
-10.6069143812
 30
0.0
 11
-2.99813878292
 21
-10.6346024856
 31
0.0
  0
LINE
  8
0
 10
-2.99813878292
 20
-10.6346024856
 30
0.0
 11
-3.10389116766
 21
-10.6521531156
 31
0.0
  0
LINE
  8
0
 10
-3.10389116766
 20
-10.6521531156
 30
0.0
 11
-3.2107688532
 21
-10.6597443165
 31
0.0
  0
LINE
  8
0
 10
-3.2107688532
 20
-10.6597443165
 30
0.0
 11
-3.31784617194
 21
-10.6576301979
 31
0.0
  0
LINE
  8
0
 10
-3.31784617194
 20
-10.6576301979
 30
0.0
 11
-3.42427864414
 21
-10.6461268745
 31
0.0
  0
LINE
  8
0
 10
-3.42427864414
 20
-10.6461268745
 30
0.0
 11
-3.52930053089
 21
-10.6256002303
 31
0.0
  0
LINE
  8
0
 10
-3.52930053089
 20
-10.6256002303
 30
0.0
 11
-3.63222173447
 21
-10.5964553093
 31
0.0
  0
LINE
  8
0
 10
-3.63222173447
 20
-10.5964553093
 30
0.0
 11
-3.73242425771
 21
-10.5591271478
 31
0.0
  0
LINE
  8
0
 10
-3.73242425771
 20
-10.5591271478
 30
0.0
 11
-3.82935838648
 21
-10.514072884
 31
0.0
  0
LINE
  8
0
 10
-3.82935838648
 20
-10.514072884
 30
0.0
 11
-3.92253872151
 21
-10.4617649899
 31
0.0
  0
LINE
  8
0
 10
-3.92253872151
 20
-10.4617649899
 30
0.0
 11
-4.01154015588
 21
-10.4026854907
 31
0.0
  0
LINE
  8
0
 10
-4.01154015588
 20
-10.4026854907
 30
0.0
 11
-4.09599387099
 21
-10.3373210492
 31
0.0
  0
LINE
  8
0
 10
-4.09599387099
 20
-10.3373210492
 30
0.0
 11
-4.17558340506
 21
-10.2661588067
 31
0.0
  0
LINE
  8
0
 10
-4.17558340506
 20
-10.2661588067
 30
0.0
 11
-4.25004083371
 21
-10.1896828843
 31
0.0
  0
LINE
  8
0
 10
-4.25004083371
 20
-10.1896828843
 30
0.0
 11
-4.31914309065
 21
-10.1083714588
 31
0.0
  0
LINE
  8
0
 10
-4.31914309065
 20
-10.1083714588
 30
0.0
 11
-4.38270844744
 21
-10.0226943394
 31
0.0
  0
LINE
  8
0
 10
-4.38270844744
 20
-10.0226943394
 30
0.0
 11
-4.44059316443
 21
-9.933110979
 31
0.0
  0
LINE
  8
0
 10
-4.44059316443
 20
-9.933110979
 30
0.0
 11
-4.4926883195
 21
-9.84006886047
 31
0.0
  0
LINE
  8
0
 10
-4.4926883195
 20
-9.84006886047
 30
0.0
 11
-4.53891681709
 21
-9.74400221001
 31
0.0
  0
LINE
  8
0
 10
-4.53891681709
 20
-9.74400221001
 30
0.0
 11
-4.57923057694
 21
-9.64533099043
 31
0.0
  0
LINE
  8
0
 10
-4.57923057694
 20
-9.64533099043
 30
0.0
 11
-4.61360789949
 21
-9.54446013667
 31
0.0
  0
LINE
  8
0
 10
-4.61360789949
 20
-9.54446013667
 30
0.0
 11
-4.64205100323
 21
-9.4417789991
 31
0.0
  0
LINE
  8
0
 10
-4.64205100323
 20
-9.4417789991
 30
0.0
 11
-4.66458372806
 21
-9.33766096485
 31
0.0
  0
LINE
  8
0
 10
-4.66458372806
 20
-9.33766096485
 30
0.0
 11
-4.6812493979
 21
-9.23246323101
 31
0.0
  0
LINE
  8
0
 10
-4.6812493979
 20
-9.23246323101
 30
0.0
 11
-4.6921088351
 21
-9.12652670714
 31
0.0
  0
LINE
  8
0
 10
-4.6921088351
 20
-9.12652670714
 30
0.0
 11
-4.69723851909
 21
-9.02017602719
 31
0.0
  0
LINE
  8
0
 10
-4.69723851909
 20
-9.02017602719
 30
0.0
 11
-4.69672888141
 21
-8.91371965368
 31
0.0
  0
LINE
  8
0
 10
-4.69672888141
 20
-8.91371965368
 30
0.0
 11
-4.69068272936
 21
-8.80745005896
 31
0.0
  0
LINE
  8
0
 10
-4.69068272936
 20
-8.80745005896
 30
0.0
 11
-4.67921379067
 21
-8.70164397076
 31
0.0
  0
LINE
  8
0
 10
-4.67921379067
 20
-8.70164397076
 30
0.0
 11
-4.66244537153
 21
-8.59656267044
 31
0.0
  0
LINE
  8
0
 10
-4.66244537153
 20
-8.59656267044
 30
0.0
 11
-4.64050912096
 21
-8.49245233431
 31
0.0
  0
LINE
  8
0
 10
-4.64050912096
 20
-8.49245233431
 30
0.0
 11
-4.61354389436
 21
-8.38954440948
 31
0.0
  0
LINE
  8
0
 10
-4.61354389436
 20
-8.38954440948
 30
0.0
 11
-4.58169470979
 21
-8.28805601679
 31
0.0
  0
LINE
  8
0
 10
-4.58169470979
 20
-8.28805601679
 30
0.0
 11
-4.54511179051
 21
-8.18819037465
 31
0.0
  0
LINE
  8
0
 10
-4.54511179051
 20
-8.18819037465
 30
0.0
 11
-4.50394968778
 21
-8.09013723813
 31
0.0
  0
LINE
  8
0
 10
-4.50394968778
 20
-8.09013723813
 30
0.0
 11
-4.45836647847
 21
-7.99407334882
 31
0.0
  0
LINE
  8
0
 10
-4.45836647847
 20
-7.99407334882
 30
0.0
 11
-4.40852303183
 21
-7.9001628913
 31
0.0
  0
LINE
  8
0
 10
-4.40852303183
 20
-7.9001628913
 30
0.0
 11
-4.35458234069
 21
-7.80855795285
 31
0.0
  0
LINE
  8
0
 10
-4.35458234069
 20
-7.80855795285
 30
0.0
 11
-4.29670891221
 21
-7.71939898348
 31
0.0
  0
LINE
  8
0
 10
-4.29670891221
 20
-7.71939898348
 30
0.0
 11
-4.2350682139
 21
-7.63281525385
 31
0.0
  0
LINE
  8
0
 10
-4.2350682139
 20
-7.63281525385
 30
0.0
 11
-4.16982617068
 21
-7.54892530891
 31
0.0
  0
LINE
  8
0
 10
-4.16982617068
 20
-7.54892530891
 30
0.0
 11
-4.10114870926
 21
-7.4678374157
 31
0.0
  0
LINE
  8
0
 10
-4.10114870926
 20
-7.4678374157
 30
0.0
 11
-4.02920134609
 21
-7.38965000369
 31
0.0
  0
LINE
  8
0
 10
-4.02920134609
 20
-7.38965000369
 30
0.0
 11
-3.9541488158
 21
-7.31445209658
 31
0.0
  0
LINE
  8
0
 10
-3.9541488158
 20
-7.31445209658
 30
0.0
 11
-3.87615473674
 21
-7.24232373466
 31
0.0
  0
LINE
  8
0
 10
-3.87615473674
 20
-7.24232373466
 30
0.0
 11
-3.79538131088
 21
-7.17333638679
 31
0.0
  0
LINE
  8
0
 10
-3.79538131088
 20
-7.17333638679
 30
0.0
 11
-3.71198905547
 21
-7.10755335164
 31
0.0
  0
LINE
  8
0
 10
-3.71198905547
 20
-7.10755335164
 30
0.0
 11
-3.62613656369
 21
-7.04503014752
 31
0.0
  0
LINE
  8
0
 10
-3.62613656369
 20
-7.04503014752
 30
0.0
 11
-3.53798029231
 21
-6.98581489065
 31
0.0
  0
LINE
  8
0
 10
-3.53798029231
 20
-6.98581489065
 30
0.0
 11
-3.4476743739
 21
-6.92994866158
 31
0.0
  0
LINE
  8
0
 10
-3.4476743739
 20
-6.92994866158
 30
0.0
 11
-3.3553704519
 21
-6.87746585957
 31
0.0
  0
LINE
  8
0
 10
-3.3553704519
 20
-6.87746585957
 30
0.0
 11
-3.2612175364
 21
-6.82839454508
 31
0.0
  0
LINE
  8
0
 10
-3.2612175364
 20
-6.82839454508
 30
0.0
 11
-3.16536187918
 21
-6.78275677016
 31
0.0
  0
LINE
  8
0
 10
-3.16536187918
 20
-6.78275677016
 30
0.0
 11
-3.06794686626
 21
-6.74056889697
 31
0.0
  0
LINE
  8
0
 10
-3.06794686626
 20
-6.74056889697
 30
0.0
 11
-2.96911292657
 21
-6.70184190455
 31
0.0
  0
ARC
  8
0
 10
-3.69877494914
 20
-4.83969439889
 30
0.0
 40
2.0
 50
291.397183222
 51
-8.602816778
  0
CIRCLE
  8
0
 10
-4.20941369546
 20
-8.11399209016
 30
0.0
 40
0.144675902702
  0
CIRCLE
  8
0
 10
-3.85925370584
 20
-7.67396063295
 30
0.0
 40
0.173318236448
  0
CIRCLE
  8
0
 10
-3.35589153291
 20
-7.30348301456
 30
0.0
 40
0.201387680163
  0
CIRCLE
  8
0
 10
-2.79249718066
 20
-7.07171722236
 30
0.0
 40
0.220432267914
  0
CIRCLE
  8
0
 10
-2.21707552698
 20
-6.74741819852
 30
0.0
 40
0.240472484797
  0
CIRCLE
  8
0
 10
-1.75216441408
 20
-6.24988055299
 30
0.0
 40
0.24916123504
  0
CIRCLE
  8
0
 10
-1.45678050454
 20
-5.61710680338
 30
0.0
 40
0.242368572061
  0
CIRCLE
  8
0
 10
-1.30500900795
 20
-4.97989250448
 30
0.0
 40
0.230408212601
  0
CIRCLE
  8
0
 10
-1.03568391002
 20
-4.37645042819
 30
0.0
 40
0.220143212543
  0
CIRCLE
  8
0
 10
-0.654817786245
 20
-3.86175857677
 30
0.0
 40
0.21156282514
  0
CIRCLE
  8
0
 10
-0.187489713539
 20
-3.44958137156
 30
0.0
 40
0.205271932093
  0
CIRCLE
  8
0
 10
0.343320671572
 20
-3.14791243853
 30
0.0
 40
0.201402891725
  0
CIRCLE
  8
0
 10
0.916610479737
 20
-2.96159655511
 30
0.0
 40
0.200005194784
  0
CIRCLE
  8
0
 10
1.47342689682
 20
-2.8944684812
 30
0.0
 40
0.163549076295
  0
CIRCLE
  8
0
 10
1.96433274304
 20
-2.92182549034
 30
0.0
 40
0.130434591849
  0
LINE
  8
0
 10
6.43172984865
 20
-7.03860709645
 30
0.0
 11
6.46878794133
 21
-6.93879177324
 31
0.0
  0
LINE
  8
0
 10
6.46878794133
 20
-6.93879177324
 30
0.0
 11
6.52437026002
 21
-6.84814326019
 31
0.0
  0
LINE
  8
0
 10
6.52437026002
 20
-6.84814326019
 30
0.0
 11
6.59554534848
 21
-6.76931575988
 31
0.0
  0
LINE
  8
0
 10
6.59554534848
 20
-6.76931575988
 30
0.0
 11
6.67928327803
 21
-6.70417516407
 31
0.0
  0
LINE
  8
0
 10
6.67928327803
 20
-6.70417516407
 30
0.0
 11
6.77259113563
 21
-6.65390735194
 31
0.0
  0
LINE
  8
0
 10
6.77259113563
 20
-6.65390735194
 30
0.0
 11
6.87260692146
 21
-6.61912464259
 31
0.0
  0
LINE
  8
0
 10
6.87260692146
 20
-6.61912464259
 30
0.0
 11
6.97666159772
 21
-6.59996535195
 31
0.0
  0
LINE
  8
0
 10
6.97666159772
 20
-6.59996535195
 30
0.0
 11
7.08231711576
 21
-6.5961839129
 31
0.0
  0
LINE
  8
0
 10
7.08231711576
 20
-6.5961839129
 30
0.0
 11
7.18738660087
 21
-6.60723058024
 31
0.0
  0
LINE
  8
0
 10
7.18738660087
 20
-6.60723058024
 30
0.0
 11
7.28994150956
 21
-6.63232068786
 31
0.0
  0
LINE
  8
0
 10
7.28994150956
 20
-6.63232068786
 30
0.0
 11
7.38830947183
 21
-6.67049397083
 31
0.0
  0
LINE
  8
0
 10
7.38830947183
 20
-6.67049397083
 30
0.0
 11
7.4810656544
 21
-6.7206647544
 31
0.0
  0
LINE
  8
0
 10
7.4810656544
 20
-6.7206647544
 30
0.0
 11
7.56701979194
 21
-6.78166393993
 31
0.0
  0
LINE
  8
0
 10
7.56701979194
 20
-6.78166393993
 30
0.0
 11
7.64520049617
 21
-6.85227374647
 31
0.0
  0
LINE
  8
0
 10
7.64520049617
 20
-6.85227374647
 30
0.0
 11
7.71483803718
 21
-6.93125613647
 31
0.0
  0
LINE
  8
0
 10
7.71483803718
 20
-6.93125613647
 30
0.0
 11
7.77534647154
 21
-7.0173757917
 31
0.0
  0
LINE
  8
0
 10
7.77534647154
 20
-7.0173757917
 30
0.0
 11
7.82630574664
 21
-7.10941842658
 31
0.0
  0
LINE
  8
0
 10
7.82630574664
 20
-7.10941842658
 30
0.0
 11
7.8674442247
 21
-7.20620514214
 31
0.0
  0
LINE
  8
0
 10
7.8674442247
 20
-7.20620514214
 30
0.0
 11
7.89862192889
 21
-7.30660344042
 31
0.0
  0
LINE
  8
0
 10
7.89862192889
 20
-7.30660344042
 30
0.0
 11
7.91981470787
 21
-7.40953544016
 31
0.0
  0
LINE
  8
0
 10
7.91981470787
 20
-7.40953544016
 30
0.0
 11
7.93109943657
 21
-7.51398376189
 31
0.0
  0
LINE
  8
0
 10
7.93109943657
 20
-7.51398376189
 30
0.0
 11
7.93264031244
 21
-7.61899548519
 31
0.0
  0
LINE
  8
0
 10
7.93264031244
 20
-7.61899548519
 30
0.0
 11
7.92467626459
 21
-7.7236845225
 31
0.0
  0
LINE
  8
0
 10
7.92467626459
 20
-7.7236845225
 30
0.0
 11
7.90750946258
 21
-7.82723270256
 31
0.0
  0
LINE
  8
0
 10
7.90750946258
 20
-7.82723270256
 30
0.0
 11
7.8814948909
 21
-7.92888981228
 31
0.0
  0
LINE
  8
0
 10
7.8814948909
 20
-7.92888981228
 30
0.0
 11
7.84703094092
 21
-8.02797280657
 31
0.0
  0
LINE
  8
0
 10
7.84703094092
 20
-8.02797280657
 30
0.0
 11
7.80455096314
 21
-8.12386436281
 31
0.0
  0
LINE
  8
0
 10
7.80455096314
 20
-8.12386436281
 30
0.0
 11
7.75451571764
 21
-8.21601092764
 31
0.0
  0
LINE
  8
0
 10
7.75451571764
 20
-8.21601092764
 30
0.0
 11
7.6974066582
 21
-8.30392037952
 31
0.0
  0
LINE
  8
0
 10
7.6974066582
 20
-8.30392037952
 30
0.0
 11
7.63371998544
 21
-8.38715940937
 31
0.0
  0
LINE
  8
0
 10
7.63371998544
 20
-8.38715940937
 30
0.0
 11
7.56396140565
 21
-8.4653507042
 31
0.0
  0
LINE
  8
0
 10
7.56396140565
 20
-8.4653507042
 30
0.0
 11
7.48864153408
 21
-8.53817000321
 31
0.0
  0
LINE
  8
0
 10
7.48864153408
 20
-8.53817000321
 30
0.0
 11
7.40827188456
 21
-8.6053430834
 31
0.0
  0
LINE
  8
0
 10
7.40827188456
 20
-8.6053430834
 30
0.0
 11
7.32336139058
 21
-8.66664272091
 31
0.0
  0
LINE
  8
0
 10
7.32336139058
 20
-8.66664272091
 30
0.0
 11
7.2344134064
 21
-8.72188566516
 31
0.0
  0
LINE
  8
0
 10
7.2344134064
 20
-8.72188566516
 30
0.0
 11
7.14192314063
 21
-8.77092965551
 31
0.0
  0
LINE
  8
0
 10
7.14192314063
 20
-8.77092965551
 30
0.0
 11
7.04637547821
 21
-8.81367050349
 31
0.0
  0
LINE
  8
0
 10
7.04637547821
 20
-8.81367050349
 30
0.0
 11
6.94824315007
 21
-8.85003925872
 31
0.0
  0
LINE
  8
0
 10
6.94824315007
 20
-8.85003925872
 30
0.0
 11
6.84798521355
 21
-8.87999947185
 31
0.0
  0
LINE
  8
0
 10
6.84798521355
 20
-8.87999947185
 30
0.0
 11
6.74604580954
 21
-8.90354456442
 31
0.0
  0
LINE
  8
0
 10
6.74604580954
 20
-8.90354456442
 30
0.0
 11
6.64285316543
 21
-8.92069531256
 31
0.0
  0
LINE
  8
0
 10
6.64285316543
 20
-8.92069531256
 30
0.0
 11
6.53881881577
 21
-8.93149744866
 31
0.0
  0
LINE
  8
0
 10
6.53881881577
 20
-8.93149744866
 30
0.0
 11
6.43433701543
 21
-8.93601938356
 31
0.0
  0
LINE
  8
0
 10
6.43433701543
 20
-8.93601938356
 30
0.0
 11
6.32978432193
 21
-8.93435004969
 31
0.0
  0
LINE
  8
0
 10
6.32978432193
 20
-8.93435004969
 30
0.0
 11
6.22551932647
 21
-8.92659686471
 31
0.0
  0
LINE
  8
0
 10
6.22551932647
 20
-8.92659686471
 30
0.0
 11
6.12188251491
 21
-8.91288381375
 31
0.0
  0
LINE
  8
0
 10
6.12188251491
 20
-8.91288381375
 30
0.0
 11
6.01919624176
 21
-8.89334964781
 31
0.0
  0
LINE
  8
0
 10
6.01919624176
 20
-8.89334964781
 30
0.0
 11
5.9177648023
 21
-8.86814619521
 31
0.0
  0
LINE
  8
0
 10
5.9177648023
 20
-8.86814619521
 30
0.0
 11
5.81787458917
 21
-8.83743678215
 31
0.0
  0
LINE
  8
0
 10
5.81787458917
 20
-8.83743678215
 30
0.0
 11
5.71979432144
 21
-8.80139475873
 31
0.0
  0
LINE
  8
0
 10
5.71979432144
 20
-8.80139475873
 30
0.0
 11
5.62377533528
 21
-8.76020212586
 31
0.0
  0
LINE
  8
0
 10
5.62377533528
 20
-8.76020212586
 30
0.0
 11
5.53005192661
 21
-8.71404825883
 31
0.0
  0
LINE
  8
0
 10
5.53005192661
 20
-8.71404825883
 30
0.0
 11
5.43884173729
 21
-8.66312872293
 31
0.0
  0
LINE
  8
0
 10
5.43884173729
 20
-8.66312872293
 30
0.0
 11
5.35034617702
 21
-8.60764417669
 31
0.0
  0
LINE
  8
0
 10
5.35034617702
 20
-8.60764417669
 30
0.0
 11
5.26475087439
 21
-8.54779935814
 31
0.0
  0
LINE
  8
0
 10
5.26475087439
 20
-8.54779935814
 30
0.0
 11
5.18222615102
 21
-8.48380214972
 31
0.0
  0
LINE
  8
0
 10
5.18222615102
 20
-8.48380214972
 30
0.0
 11
5.10292751349
 21
-8.41586271747
 31
0.0
  0
ARC
  8
0
 10
6.72948042951
 20
-6.5173565649
 30
0.0
 40
2.5
 50
169.411548455
 51
229.411548455
  0
ARC
  8
0
 10
1.32313219567
 20
-5.5067138118
 30
0.0
 40
3.0
 50
349.411548455
 51
49.411548455
  0
LINE
  8
0
 10
6.43172984865
 20
-7.03860709645
 30
0.0
 11
6.46390582884
 21
-6.93447855724
 31
0.0
  0
LINE
  8
0
 10
6.46390582884
 20
-6.93447855724
 30
0.0
 11
6.51538670649
 21
-6.83866567773
 31
0.0
  0
LINE
  8
0
 10
6.51538670649
 20
-6.83866567773
 30
0.0
 11
6.58316670425
 21
-6.75384565577
 31
0.0
  0
LINE
  8
0
 10
6.58316670425
 20
-6.75384565577
 30
0.0
 11
6.66422226506
 21
-6.68186265668
 31
0.0
  0
LINE
  8
0
 10
6.66422226506
 20
-6.68186265668
 30
0.0
 11
6.75563466732
 21
-6.62387692973
 31
0.0
  0
LINE
  8
0
 10
6.75563466732
 20
-6.62387692973
 30
0.0
 11
6.85466554839
 21
-6.58049641398
 31
0.0
  0
LINE
  8
0
 10
6.85466554839
 20
-6.58049641398
 30
0.0
 11
6.95879985688
 21
-6.55188981288
 31
0.0
  0
LINE
  8
0
 10
6.95879985688
 20
-6.55188981288
 30
0.0
 11
7.06576652354
 21
-6.53788201971
 31
0.0
  0
LINE
  8
0
 10
7.06576652354
 20
-6.53788201971
 30
0.0
 11
7.17354411883
 21
-6.5380336194
 31
0.0
  0
LINE
  8
0
 10
7.17354411883
 20
-6.5380336194
 30
0.0
 11
7.28035661457
 21
-6.55170647195
 31
0.0
  0
LINE
  8
0
 10
7.28035661457
 20
-6.55170647195
 30
0.0
 11
7.38466284031
 21
-6.57811737271
 31
0.0
  0
LINE
  8
0
 10
7.38466284031
 20
-6.57811737271
 30
0.0
 11
7.4851421396
 21
-6.61638163551
 31
0.0
  0
LINE
  8
0
 10
7.4851421396
 20
-6.61638163551
 30
0.0
 11
7.58067796176
 21
-6.66554823961
 31
0.0
  0
LINE
  8
0
 10
7.58067796176
 20
-6.66554823961
 30
0.0
 11
7.67034057756
 21
-6.72462796284
 31
0.0
  0
LINE
  8
0
 10
7.67034057756
 20
-6.72462796284
 30
0.0
 11
7.75336971972
 21
-6.79261571484
 31
0.0
  0
LINE
  8
0
 10
7.75336971972
 20
-6.79261571484
 30
0.0
 11
7.82915767466
 21
-6.86850809472
 31
0.0
  0
LINE
  8
0
 10
7.82915767466
 20
-6.86850809472
 30
0.0
 11
7.89723315844
 21
-6.95131703144
 31
0.0
  0
LINE
  8
0
 10
7.89723315844
 20
-6.95131703144
 30
0.0
 11
7.95724617408
 21
-7.04008022173
 31
0.0
  0
LINE
  8
0
 10
7.95724617408
 20
-7.04008022173
 30
0.0
 11
8.00895395303
 21
-7.13386895924
 31
0.0
  0
LINE
  8
0
 10
8.00895395303
 20
-7.13386895924
 30
0.0
 11
8.05220801881
 21
-7.23179384566
 31
0.0
  0
LINE
  8
0
 10
8.05220801881
 20
-7.23179384566
 30
0.0
 11
8.08694236691
 21
-7.3330087896
 31
0.0
  0
LINE
  8
0
 10
8.08694236691
 20
-7.3330087896
 30
0.0
 11
8.11316272666
 21
-7.43671362703
 31
0.0
  0
LINE
  8
0
 10
8.11316272666
 20
-7.43671362703
 30
0.0
 11
8.13093685218
 21
-7.54215563842
 31
0.0
  0
LINE
  8
0
 10
8.13093685218
 20
-7.54215563842
 30
0.0
 11
8.1403857796
 21
-7.64863018831
 31
0.0
  0
LINE
  8
0
 10
8.1403857796
 20
-7.64863018831
 30
0.0
 11
8.14167598201
 21
-7.75548067262
 31
0.0
  0
LINE
  8
0
 10
8.14167598201
 20
-7.75548067262
 30
0.0
 11
8.13501235202
 21
-7.86209792537
 31
0.0
  0
LINE
  8
0
 10
8.13501235202
 20
-7.86209792537
 30
0.0
 11
8.12063194271
 21
-7.96791920886
 31
0.0
  0
LINE
  8
0
 10
8.12063194271
 20
-7.96791920886
 30
0.0
 11
8.09879839999
 21
-8.07242688847
 31
0.0
  0
LINE
  8
0
 10
8.09879839999
 20
-8.07242688847
 30
0.0
 11
8.0697970227
 21
-8.1751468744
 31
0.0
  0
LINE
  8
0
 10
8.0697970227
 20
-8.1751468744
 30
0.0
 11
8.03393039104
 21
-8.27564689714
 31
0.0
  0
LINE
  8
0
 10
8.03393039104
 20
-8.27564689714
 30
0.0
 11
7.99151450759
 21
-8.37353467058
 31
0.0
  0
LINE
  8
0
 10
7.99151450759
 20
-8.37353467058
 30
0.0
 11
7.94287540018
 21
-8.46845598621
 31
0.0
  0
LINE
  8
0
 10
7.94287540018
 20
-8.46845598621
 30
0.0
 11
7.88834613944
 21
-8.56009277317
 31
0.0
  0
LINE
  8
0
 10
7.88834613944
 20
-8.56009277317
 30
0.0
 11
7.82826422849
 21
-8.64816115169
 31
0.0
  0
LINE
  8
0
 10
7.82826422849
 20
-8.64816115169
 30
0.0
 11
7.76296932563
 21
-8.73240950164
 31
0.0
  0
LINE
  8
0
 10
7.76296932563
 20
-8.73240950164
 30
0.0
 11
7.69280126505
 21
-8.81261656316
 31
0.0
  0
LINE
  8
0
 10
7.69280126505
 20
-8.81261656316
 30
0.0
 11
7.6180983433
 21
-8.88858958234
 31
0.0
  0
LINE
  8
0
 10
7.6180983433
 20
-8.88858958234
 30
0.0
 11
7.53919584306
 21
-8.96016251159
 31
0.0
  0
LINE
  8
0
 10
7.53919584306
 20
-8.96016251159
 30
0.0
 11
7.45642476805
 21
-9.02719427196
 31
0.0
  0
LINE
  8
0
 10
7.45642476805
 20
-9.02719427196
 30
0.0
 11
7.37011076579
 21
-9.08956708239
 31
0.0
  0
LINE
  8
0
 10
7.37011076579
 20
-9.08956708239
 30
0.0
 11
7.28057321724
 21
-9.14718485901
 31
0.0
  0
LINE
  8
0
 10
7.28057321724
 20
-9.14718485901
 30
0.0
 11
7.18812447454
 21
-9.19997168658
 31
0.0
  0
LINE
  8
0
 10
7.18812447454
 20
-9.19997168658
 30
0.0
 11
7.09306922984
 21
-9.24787036267
 31
0.0
  0
LINE
  8
0
 10
7.09306922984
 20
-9.24787036267
 30
0.0
 11
6.99570400024
 21
-9.29084101451
 31
0.0
  0
LINE
  8
0
 10
6.99570400024
 20
-9.29084101451
 30
0.0
 11
6.89631671513
 21
-9.32885978772
 31
0.0
  0
LINE
  8
0
 10
6.89631671513
 20
-9.32885978772
 30
0.0
 11
6.79518639396
 21
-9.36191760552
 31
0.0
  0
LINE
  8
0
 10
6.79518639396
 20
-9.36191760552
 30
0.0
 11
6.6925829035
 21
-9.39001899668
 31
0.0
  0
LINE
  8
0
 10
6.6925829035
 20
-9.39001899668
 30
0.0
 11
6.58876678497
 21
-9.41318099011
 31
0.0
  0
LINE
  8
0
 10
6.58876678497
 20
-9.41318099011
 30
0.0
 11
6.48398914226
 21
-9.43143207373
 31
0.0
  0
LINE
  8
0
 10
6.48398914226
 20
-9.43143207373
 30
0.0
 11
6.37849158375
 21
-9.44481121536
 31
0.0
  0
LINE
  8
0
 10
6.37849158375
 20
-9.44481121536
 30
0.0
 11
6.27250621057
 21
-9.45336694277
 31
0.0
  0
LINE
  8
0
 10
6.27250621057
 20
-9.45336694277
 30
0.0
 11
6.16625564535
 21
-9.45715648052
 31
0.0
  0
LINE
  8
0
 10
6.16625564535
 20
-9.45715648052
 30
0.0
 11
6.05995309597
 21
-9.45624494092
 31
0.0
  0
LINE
  8
0
 10
6.05995309597
 20
-9.45624494092
 30
0.0
 11
5.95380244929
 21
-9.45070456633
 31
0.0
  0
LINE
  8
0
 10
5.95380244929
 20
-9.45070456633
 30
0.0
 11
5.84799839071
 21
-9.44061402051
 31
0.0
  0
LINE
  8
0
 10
5.84799839071
 20
-9.44061402051
 30
0.0
 11
5.74272654567
 21
-9.42605772616
 31
0.0
  0
LINE
  8
0
 10
5.74272654567
 20
-9.42605772616
 30
0.0
 11
5.6381636395
 21
-9.4071252465
 31
0.0
  0
LINE
  8
0
 10
5.6381636395
 20
-9.4071252465
 30
0.0
 11
5.53447767285
 21
-9.38391070827
 31
0.0
  0
LINE
  8
0
 10
5.53447767285
 20
-9.38391070827
 30
0.0
 11
5.43182810984
 21
-9.35651226397
 31
0.0
  0
LINE
  8
0
 10
5.43182810984
 20
-9.35651226397
 30
0.0
 11
5.33036607655
 21
-9.32503159112
 31
0.0
  0
LINE
  8
0
 10
5.33036607655
 20
-9.32503159112
 30
0.0
 11
5.23023456783
 21
-9.28957342632
 31
0.0
  0
LINE
  8
0
 10
5.23023456783
 20
-9.28957342632
 30
0.0
 11
5.13156866055
 21
-9.25024513223
 31
0.0
  0
LINE
  8
0
 10
5.13156866055
 20
-9.25024513223
 30
0.0
 11
5.03449573156
 21
-9.20715629543
 31
0.0
  0
LINE
  8
0
 10
5.03449573156
 20
-9.20715629543
 30
0.0
 11
4.93913567913
 21
-9.16041835334
 31
0.0
  0
LINE
  8
0
 10
4.93913567913
 20
-9.16041835334
 30
0.0
 11
4.84560114634
 21
-9.11014424842
 31
0.0
  0
LINE
  8
0
 10
4.84560114634
 20
-9.11014424842
 30
0.0
 11
4.75399774554
 21
-9.0564481081
 31
0.0
  0
LINE
  8
0
 10
4.75399774554
 20
-9.0564481081
 30
0.0
 11
4.66442428284
 21
-8.99944494868
 31
0.0
  0
LINE
  8
0
 10
4.66442428284
 20
-8.99944494868
 30
0.0
 11
4.57697298178
 21
-8.9392504019
 31
0.0
  0
LINE
  8
0
 10
4.57697298178
 20
-8.9392504019
 30
0.0
 11
4.49172970541
 21
-8.8759804626
 31
0.0
  0
LINE
  8
0
 10
4.49172970541
 20
-8.8759804626
 30
0.0
 11
4.40877417631
 21
-8.80975125627
 31
0.0
  0
ARC
  8
0
 10
3.1609381421
 20
-10.3727308568
 30
0.0
 40
2.0
 50
411.397183222
 51
111.397183222
  0
CIRCLE
  8
0
 10
6.25188249545
 20
-9.17780813766
 30
0.0
 40
0.144675902702
  0
CIRCLE
  8
0
 10
5.69572408023
 20
-9.09457641987
 30
0.0
 40
0.173318236448
  0
CIRCLE
  8
0
 10
5.12319996471
 20
-8.8438908
 30
0.0
 40
0.201387680163
  0
CIRCLE
  8
0
 10
4.64078772481
 20
-8.47185987471
 30
0.0
 40
0.220432267914
  0
CIRCLE
  8
0
 10
4.0722257049
 20
-8.13567961665
 30
0.0
 40
0.240472484797
  0
CIRCLE
  8
0
 10
3.40888990809
 20
-7.98182360515
 30
0.0
 40
0.24916123504
  0
CIRCLE
  8
0
 10
2.7131998113
 20
-8.04240051042
 30
0.0
 40
0.242368572061
  0
CIRCLE
  8
0
 10
2.08547029251
 20
-8.22956968824
 30
0.0
 40
0.230408212601
  0
CIRCLE
  8
0
 10
1.42821157576
 20
-8.29804834971
 30
0.0
 40
0.220143212543
  0
CIRCLE
  8
0
 10
0.79204229543
 20
-8.22555453679
 30
0.0
 40
0.21156282514
  0
CIRCLE
  8
0
 10
0.2014223285
 20
-8.02692515653
 30
0.0
 40
0.205271932093
  0
CIRCLE
  8
0
 10
-0.32523582359
 20
-7.71806434494
 30
0.0
 40
0.201402891725
  0
CIRCLE
  8
0
 10
-0.773235015843
 20
-7.31473874905
 30
0.0
 40
0.200005194784
  0
CIRCLE
  8
0
 10
-1.1097778417
 20
-6.86608562357
 30
0.0
 40
0.163549076295
  0
CIRCLE
  8
0
 10
-1.33153889992
 20
-6.42727018531
 30
0.0
 40
0.130434591849
  0
CIRCLE
  8
0
 10
1.32833164069
 20
-5.62598402796
 30
0.0
 40
2.5
  0
ENDSEC
  0
EOF
