  0
SECTION
  2
HEADER
  9
$ACADVER
  1
AC1009
  9
$EXTMIN
 10
0.0
 20
0.0
 30
0.0
  9
$EXTMAX
 10
100.0
 20
100.0
 30
0.0
  9
$INSBASE
 10
0.0
 20
0.0
 30
0.0
  0
ENDSEC
  0
SECTION
  2
TABLES
  0
TABLE
  2
LTYPE
 70
19
  0
LTYPE
  2
PHANTOM
 70
0
  3
Phantom ______  __  __  ______  __  __  ______
 72
65
 73
6
 40
2.5
 49
1.25
 49
-0.25
 49
0.25
 49
-0.25
 49
0.25
 49
-0.25
  0
LTYPE
  2
DOT2
 70
0
  3
Dot (.5) . . . . . . . . . . . . . . . . . . . 
 72
65
 73
2
 40
0.1
 49
0.0
 49
-0.1
  0
LTYPE
  2
DIVIDE
 70
0
  3
Divide __ . . __ . . __ . . __ . . __ . . __
 72
65
 73
6
 40
1.6
 49
1.0
 49
-0.2
 49
0.0
 49
-0.2
 49
0.0
 49
-0.2
  0
LTYPE
  2
DIVIDEX2
 70
0
  3
Divide (2x) ____  . .  ____  . .  ____  . .  ____
 72
65
 73
6
 40
2.6
 49
2.0
 49
-0.2
 49
0.0
 49
-0.2
 49
0.0
 49
-0.2
  0
LTYPE
  2
CENTER
 70
0
  3
Center ____ _ ____ _ ____ _ ____ _ ____ _ ____
 72
65
 73
4
 40
2.0
 49
1.25
 49
-0.25
 49
0.25
 49
-0.25
  0
LTYPE
  2
DASHDOT
 70
0
  3
Dash dot __ . __ . __ . __ . __ . __ . __ . __
 72
65
 73
4
 40
1.4
 49
1.0
 49
-0.2
 49
0.0
 49
-0.2
  0
LTYPE
  2
CENTERX2
 70
0
  3
Center (2x) ________  __  ________  __  ________
 72
65
 73
4
 40
3.5
 49
2.5
 49
-0.25
 49
0.5
 49
-0.25
  0
LTYPE
  2
PHANTOMX2
 70
0
  3
Phantom (2x)____________    ____    ____    ____________
 72
65
 73
6
 40
4.25
 49
2.5
 49
-0.25
 49
0.5
 49
-0.25
 49
0.5
 49
-0.25
  0
LTYPE
  2
CONTINUOUS
 70
0
  3
Solid
 72
65
 73
0
 40
0.0
  0
LTYPE
  2
PHANTOM2
 70
0
  3
Phantom (.5x) ___ _ _ ___ _ _ ___ _ _ ___ _ _ ___
 72
65
 73
6
 40
1.25
 49
0.625
 49
-0.125
 49
0.125
 49
-0.125
 49
0.125
 49
-0.125
  0
LTYPE
  2
DASHED
 70
0
  3
Dashed __ __ __ __ __ __ __ __ __ __ __ __ __ _
 72
65
 73
2
 40
0.6
 49
0.5
 49
-0.1
  0
LTYPE
  2
DASHED2
 70
0
  3
Dashed (.5x) _ _ _ _ _ _ _ _ _ _ _ _ _ _
 72
65
 73
2
 40
0.3
 49
0.25
 49
-0.05
  0
LTYPE
  2
DASHDOT2
 70
0
  3
Dash dot (.5x) _ . _ . _ . _ . _ . _ . _ . _
 72
65
 73
4
 40
0.7
 49
0.5
 49
-0.1
 49
0.0
 49
-0.1
  0
LTYPE
  2
DOTX2
 70
0
  3
Dot (2x) .    .    .    .    .    .    .    . 
 72
65
 73
2
 40
0.4
 49
0.0
 49
-0.4
  0
LTYPE
  2
DIVIDE2
 70
0
  3
Divide(.5x) _ . _ . _ . _ . _ . _ . _ . _
 72
65
 73
6
 40
0.8
 49
0.5
 49
-0.1
 49
0.0
 49
-0.1
 49
0.0
 49
-0.1
  0
LTYPE
  2
CENTER2
 70
0
  3
Center (.5x) ____ _ ____ _ ____ _ ____ _ ____
 72
65
 73
4
 40
1.0
 49
0.625
 49
-0.125
 49
0.125
 49
-0.125
  0
LTYPE
  2
DASHDOTX2
 70
0
  3
Dash dot (2x) ____  .  ____  .  ____  .  ____
 72
65
 73
4
 40
2.4
 49
2.0
 49
-0.2
 49
0.0
 49
-0.2
  0
LTYPE
  2
DOT
 70
0
  3
Dot .  .  .  .  .  .  .  .  .  .  .  .  .  .  .  .
 72
65
 73
2
 40
0.2
 49
0.0
 49
-0.2
  0
LTYPE
  2
DASHEDX2
 70
0
  3
Dashed (2x) ____  ____  ____  ____  ____  ____
 72
65
 73
2
 40
1.2
 49
1.0
 49
-0.2
  0
ENDTAB
  0
TABLE
  2
LAYER
 70
5
  0
LAYER
  2
VIEWPORTS
 70
0
 62
7
  6
CONTINUOUS
  0
LAYER
  2
TABLEGRID
 70
0
 62
1
  6
CONTINUOUS
  0
LAYER
  2
TABLECONTENT
 70
0
 62
1
  6
CONTINUOUS
  0
LAYER
  2
DIMENSIONS
 70
0
 62
1
  6
CONTINUOUS
  0
LAYER
  2
TABLEBACKGROUND
 70
0
 62
1
  6
CONTINUOUS
  0
ENDTAB
  0
TABLE
  2
STYLE
 70
12
  0
STYLE
  2
TIMES
 70
0
 40
0.0
 41
1.0
 42
1.0
 50
0.0
 71
0
  3
times.ttf
  4

  0
STYLE
  2
ARIAL
 70
0
 40
0.0
 41
1.0
 42
1.0
 50
0.0
 71
0
  3
arial.ttf
  4

  0
STYLE
  2
TIMES_BOLD
 70
0
 40
0.0
 41
1.0
 42
1.0
 50
0.0
 71
0
  3
timesbd.ttf
  4

  0
STYLE
  2
ARIAL_BLACK
 70
0
 40
0.0
 41
1.0
 42
1.0
 50
0.0
 71
0
  3
ariblk.ttf
  4

  0
STYLE
  2
TIMES_ITALIC
 70
0
 40
0.0
 41
1.0
 42
1.0
 50
0.0
 71
0
  3
timesi.ttf
  4

  0
STYLE
  2
ISOCPEUR
 70
0
 40
0.0
 41
1.0
 42
1.0
 50
0.0
 71
0
  3
isocpeur.ttf
  4

  0
STYLE
  2
ARIAL_BOLD
 70
0
 40
0.0
 41
1.0
 42
1.0
 50
0.0
 71
0
  3
arialbd.ttf
  4

  0
STYLE
  2
ARIAL_ITALIC
 70
0
 40
0.0
 41
1.0
 42
1.0
 50
0.0
 71
0
  3
ariali.ttf
  4

  0
STYLE
  2
ARIAL_BOLD_ITALIC
 70
0
 40
0.0
 41
1.0
 42
1.0
 50
0.0
 71
0
  3
arialbi.ttf
  4

  0
STYLE
  2
TIMES_BOLD_ITALIC
 70
0
 40
0.0
 41
1.0
 42
1.0
 50
0.0
 71
0
  3
timesbi.ttf
  4

  0
STYLE
  2
ISOCPEUR_ITALIC
 70
0
 40
0.0
 41
1.0
 42
1.0
 50
0.0
 71
0
  3
isocpeui.ttf
  4

  0
STYLE
  2
STANDARD
 70
0
 40
0.0
 41
1.0
 42
1.0
 50
0.0
 71
0
  3
arial.ttf
  4

  0
ENDTAB
  0
TABLE
  2
VIEW
 70
0
  0
ENDTAB
  0
TABLE
  2
APPID
 70
1
  0
APPID
  2
DXFWRITE
 70
0
  0
ENDTAB
  0
TABLE
  2
VPORT
 70
0
  0
ENDTAB
  0
TABLE
  2
UCS
 70
0
  0
ENDTAB
  0
ENDSEC
  0
SECTION
  2
BLOCKS
  0
ENDSEC
  0
SECTION
  2
ENTITIES
  0
VIEWPORT
  8
VIEWPORTS
 67
1
 10
0.0
 20
0.0
 30
0.0
 40
1.0
 41
1.0
 68
1
 69
1
1001
ACAD
1000
MVIEW
1002
{
1070
16
1010
0.0
1020
0.0
1030
0.0
1010
0.0
1020
0.0
1030
0.0
1040
0.0
1040
1.0
1040
0.0
1040
0.0
1040
50.0
1040
0.0
1040
0.0
1070
0
1070
100
1070
1
1070
3
1070
0
1070
0
1070
0
1070
0
1040
0.0
1040
0.0
1040
0.0
1040
0.1
1040
0.1
1040
0.1
1040
0.1
1070
0
1002
{
1002
}
1002
}
  0
LINE
  8
0
 10
0.25
 20
-0.433012701892
 30
0.0
 11
0.167999088714
 21
-0.500926261136
 31
0.0
  0
LINE
  8
0
 10
0.167999088714
 20
-0.500926261136
 30
0.0
 11
0.074539132203
 21
-0.551639016911
 31
0.0
  0
LINE
  8
0
 10
0.074539132203
 20
-0.551639016911
 30
0.0
 11
-0.0265140526728
 21
-0.584318090469
 31
0.0
  0
LINE
  8
0
 10
-0.0265140526728
 20
-0.584318090469
 30
0.0
 11
-0.13160352483
 21
-0.598862536481
 31
0.0
  0
LINE
  8
0
 10
-0.13160352483
 20
-0.598862536481
 30
0.0
 11
-0.237544405949
 21
-0.595741809977
 31
0.0
  0
LINE
  8
0
 10
-0.237544405949
 20
-0.595741809977
 30
0.0
 11
-0.341551971936
 21
-0.575856626975
 31
0.0
  0
LINE
  8
0
 10
-0.341551971936
 20
-0.575856626975
 30
0.0
 11
-0.441245610274
 21
-0.540421721257
 31
0.0
  0
LINE
  8
0
 10
-0.441245610274
 20
-0.540421721257
 30
0.0
 11
-0.53463669247
 21
-0.490868784518
 31
0.0
  0
LINE
  8
0
 10
-0.53463669247
 20
-0.490868784518
 30
0.0
 11
-0.620106202073
 21
-0.42876734742
 31
0.0
  0
LINE
  8
0
 10
-0.620106202073
 20
-0.42876734742
 30
0.0
 11
-0.696376304473
 21
-0.35576122249
 31
0.0
  0
LINE
  8
0
 10
-0.696376304473
 20
-0.35576122249
 30
0.0
 11
-0.762478817226
 21
-0.273518208558
 31
0.0
  0
LINE
  8
0
 10
-0.762478817226
 20
-0.273518208558
 30
0.0
 11
-0.817722635907
 21
-0.183690944174
 31
0.0
  0
LINE
  8
0
 10
-0.817722635907
 20
-0.183690944174
 30
0.0
 11
-0.861661509814
 21
-0.0878870311197
 31
0.0
  0
LINE
  8
0
 10
-0.861661509814
 20
-0.0878870311197
 30
0.0
 11
-0.89406308249
 21
0.0123532072096
 31
0.0
  0
LINE
  8
0
 10
-0.89406308249
 20
0.0123532072096
 30
0.0
 11
-0.914879767065
 21
0.115572733909
 31
0.0
  0
LINE
  8
0
 10
-0.914879767065
 20
0.115572733909
 30
0.0
 11
-0.924221780749
 21
0.220408760287
 31
0.0
  0
LINE
  8
0
 10
-0.924221780749
 20
0.220408760287
 30
0.0
 11
-0.922332490097
 21
0.32559965787
 31
0.0
  0
LINE
  8
0
 10
-0.922332490097
 20
0.32559965787
 30
0.0
 11
-0.90956609939
 21
0.429988651323
 31
0.0
  0
LINE
  8
0
 10
-0.90956609939
 20
0.429988651323
 30
0.0
 11
-0.886367634108
 21
0.532524980226
 31
0.0
  0
LINE
  8
0
 10
-0.886367634108
 20
0.532524980226
 30
0.0
 11
-0.853255119222
 21
0.632263096354
 31
0.0
  0
LINE
  8
0
 10
-0.853255119222
 20
0.632263096354
 30
0.0
 11
-0.810803820084
 21
0.728360360701
 31
0.0
  0
LINE
  8
0
 10
-0.810803820084
 20
0.728360360701
 30
0.0
 11
-0.759632396077
 21
0.820073618714
 31
0.0
  0
LINE
  8
0
 10
-0.759632396077
 20
0.820073618714
 30
0.0
 11
-0.700390809668
 21
0.906754960591
 31
0.0
  0
LINE
  8
0
 10
-0.700390809668
 20
0.906754960591
 30
0.0
 11
-0.633749832995
 21
0.987846914036
 31
0.0
  0
LINE
  8
0
 10
-0.633749832995
 20
0.987846914036
 30
0.0
 11
-0.560391998197
 21
1.06287726769
 31
0.0
  0
LINE
  8
0
 10
-0.560391998197
 20
1.06287726769
 30
0.0
 11
-0.481003844853
 21
1.13145368284
 31
0.0
  0
LINE
  8
0
 10
-0.481003844853
 20
1.13145368284
 30
0.0
 11
-0.396269326822
 21
1.19325821766
 31
0.0
  0
LINE
  8
0
 10
-0.396269326822
 20
1.19325821766
 30
0.0
 11
-0.306864250718
 21
1.24804186093
 31
0.0
  0
LINE
  8
0
 10
-0.306864250718
 20
1.24804186093
 30
0.0
 11
-0.213451628519
 21
1.29561914976
 31
0.0
  0
LINE
  8
0
 10
-0.213451628519
 20
1.29561914976
 30
0.0
 11
-0.116677837105
 21
1.33586292782
 31
0.0
  0
LINE
  8
0
 10
-0.116677837105
 20
1.33586292782
 30
0.0
 11
-0.0171694874601
 21
1.3686992856
 31
0.0
  0
LINE
  8
0
 10
-0.0171694874601
 20
1.3686992856
 30
0.0
 11
0.0844690842362
 21
1.39410271264
 31
0.0
  0
LINE
  8
0
 10
0.0844690842362
 20
1.39410271264
 30
0.0
 11
0.187657782507
 21
1.41209148178
 31
0.0
  0
LINE
  8
0
 10
0.187657782507
 20
1.41209148178
 30
0.0
 11
0.2918422461
 21
1.42272327812
 31
0.0
  0
LINE
  8
0
 10
0.2918422461
 20
1.42272327812
 30
0.0
 11
0.396494932147
 21
1.42609107913
 31
0.0
  0
LINE
  8
0
 10
0.396494932147
 20
1.42609107913
 30
0.0
 11
0.501115847071
 21
1.42231928779
 31
0.0
  0
LINE
  8
0
 10
0.501115847071
 20
1.42231928779
 30
0.0
 11
0.60523297399
 21
1.41156011671
 31
0.0
  0
LINE
  8
0
 10
0.60523297399
 20
1.41156011671
 30
0.0
 11
0.708402440713
 21
1.39399021857
 31
0.0
  0
LINE
  8
0
 10
0.708402440713
 20
1.39399021857
 30
0.0
 11
0.810208467232
 21
1.36980755598
 31
0.0
  0
LINE
  8
0
 10
0.810208467232
 20
1.36980755598
 30
0.0
 11
0.910263127034
 21
1.33922850228
 31
0.0
  0
LINE
  8
0
 10
0.910263127034
 20
1.33922850228
 30
0.0
 11
1.00820595239
 21
1.3024851638
 31
0.0
  0
LINE
  8
0
 10
1.00820595239
 20
1.3024851638
 30
0.0
 11
1.10370341011
 21
1.25982291326
 31
0.0
  0
LINE
  8
0
 10
1.10370341011
 20
1.25982291326
 30
0.0
 11
1.19644827089
 21
1.21149812358
 31
0.0
  0
LINE
  8
0
 10
1.19644827089
 20
1.21149812358
 30
0.0
 11
1.28615889256
 21
1.1577760913
 31
0.0
  0
LINE
  8
0
 10
1.28615889256
 20
1.1577760913
 30
0.0
 11
1.37257843486
 21
1.09892913842
 31
0.0
  0
LINE
  8
0
 10
1.37257843486
 20
1.09892913842
 30
0.0
 11
1.45547402096
 21
1.03523488214
 31
0.0
  0
LINE
  8
0
 10
1.45547402096
 20
1.03523488214
 30
0.0
 11
1.53463585916
 21
0.966974661623
 31
0.0
  0
LINE
  8
0
 10
1.53463585916
 20
0.966974661623
 30
0.0
 11
1.60987633618
 21
0.894432111671
 31
0.0
  0
LINE
  8
0
 10
1.60987633618
 20
0.894432111671
 30
0.0
 11
1.68102909181
 21
0.817891873263
 31
0.0
  0
LINE
  8
0
 10
1.68102909181
 20
0.817891873263
 30
0.0
 11
1.74794808356
 21
0.737638431514
 31
0.0
  0
LINE
  8
0
 10
1.74794808356
 20
0.737638431514
 30
0.0
 11
1.81050664839
 21
0.653955071919
 31
0.0
  0
LINE
  8
0
 10
1.81050664839
 20
0.653955071919
 30
0.0
 11
1.86859656771
 21
0.567122946254
 31
0.0
  0
LINE
  8
0
 10
1.86859656771
 20
0.567122946254
 30
0.0
 11
1.92212714079
 21
0.477420239957
 31
0.0
  0
LINE
  8
0
 10
1.92212714079
 20
0.477420239957
 30
0.0
 11
1.97102427099
 21
0.38512143326
 31
0.0
  0
LINE
  8
0
 10
1.97102427099
 20
0.38512143326
 30
0.0
 11
2.01522956823
 21
0.290496648795
 31
0.0
  0
LINE
  8
0
 10
2.01522956823
 20
0.290496648795
 30
0.0
 11
2.0546994709
 21
0.193811078845
 31
0.0
  0
LINE
  8
0
 10
2.0546994709
 20
0.193811078845
 30
0.0
 11
2.08940438937
 21
0.0953244858362
 31
0.0
  0
LINE
  8
0
 10
2.08940438937
 20
0.0953244858362
 30
0.0
 11
2.11932787312
 21
-0.00470922993017
 31
0.0
  0
LINE
  8
0
 10
2.11932787312
 20
-0.00470922993017
 30
0.0
 11
2.14446580299
 21
-0.106042400888
 31
0.0
  0
LINE
  8
0
 10
2.14446580299
 20
-0.106042400888
 30
0.0
 11
2.16482560958
 21
-0.208433906386
 31
0.0
  0
LINE
  8
0
 10
2.16482560958
 20
-0.208433906386
 30
0.0
 11
2.18042551862
 21
-0.311649435295
 31
0.0
  0
LINE
  8
0
 10
2.18042551862
 20
-0.311649435295
 30
0.0
 11
2.19129382394
 21
-0.415461701551
 31
0.0
  0
LINE
  8
0
 10
2.19129382394
 20
-0.415461701551
 30
0.0
 11
2.19746818814
 21
-0.51965061684
 31
0.0
  0
LINE
  8
0
 10
2.19746818814
 20
-0.51965061684
 30
0.0
 11
2.1989949712
 21
-0.624003424308
 31
0.0
  0
LINE
  8
0
 10
2.1989949712
 20
-0.624003424308
 30
0.0
 11
2.19592858685
 21
-0.7283147969
 31
0.0
  0
LINE
  8
0
 10
2.19592858685
 20
-0.7283147969
 30
0.0
 11
2.1883308866
 21
-0.832386903677
 31
0.0
  0
LINE
  8
0
 10
2.1883308866
 20
-0.832386903677
 30
0.0
 11
2.17627057092
 21
-0.93602944717
 31
0.0
  0
LINE
  8
0
 10
2.17627057092
 20
-0.93602944717
 30
0.0
 11
2.15982262724
 21
-1.03905967466
 31
0.0
  0
LINE
  8
0
 10
2.15982262724
 20
-1.03905967466
 30
0.0
 11
2.1390677942
 21
-1.14130236595
 31
0.0
  0
ARC
  8
0
 10
-0.310962254191
 20
-0.643956649216
 30
0.0
 40
2.5
 50
-71.4748798005
 51
-11.4748798005
  0
ARC
  8
0
 10
1.4364999437
 20
-5.85897111391
 30
0.0
 40
3.0
 50
108.525120199
 51
168.525120199
  0
LINE
  8
0
 10
0.25
 20
-0.433012701892
 30
0.0
 11
0.170070514151
 21
-0.507102672016
 31
0.0
  0
LINE
  8
0
 10
0.170070514151
 20
-0.507102672016
 30
0.0
 11
0.0775803265502
 21
-0.564338620853
 31
0.0
  0
LINE
  8
0
 10
0.0775803265502
 20
-0.564338620853
 30
0.0
 11
-0.0235288843585
 21
-0.60390491574
 31
0.0
  0
LINE
  8
0
 10
-0.0235288843585
 20
-0.60390491574
 30
0.0
 11
-0.129716558683
 21
-0.625716241191
 31
0.0
  0
LINE
  8
0
 10
-0.129716558683
 20
-0.625716241191
 30
0.0
 11
-0.237874884737
 21
-0.630227152653
 31
0.0
  0
LINE
  8
0
 10
-0.237874884737
 20
-0.630227152653
 30
0.0
 11
-0.345328401381
 21
-0.618280340782
 31
0.0
  0
LINE
  8
0
 10
-0.345328401381
 20
-0.618280340782
 30
0.0
 11
-0.449814658482
 21
-0.59098722981
 31
0.0
  0
LINE
  8
0
 10
-0.449814658482
 20
-0.59098722981
 30
0.0
 11
-0.549454405758
 21
-0.549635001212
 31
0.0
  0
LINE
  8
0
 10
-0.549454405758
 20
-0.549635001212
 30
0.0
 11
-0.642716741392
 21
-0.495614914392
 31
0.0
  0
LINE
  8
0
 10
-0.642716741392
 20
-0.495614914392
 30
0.0
 11
-0.728382649874
 21
-0.430367628866
 31
0.0
  0
LINE
  8
0
 10
-0.728382649874
 20
-0.430367628866
 30
0.0
 11
-0.805509040756
 21
-0.355342005007
 31
0.0
  0
LINE
  8
0
 10
-0.805509040756
 20
-0.355342005007
 30
0.0
 11
-0.873394535094
 21
-0.27196453172
 31
0.0
  0
LINE
  8
0
 10
-0.873394535094
 20
-0.27196453172
 30
0.0
 11
-0.931547682007
 21
-0.18161709247
 31
0.0
  0
LINE
  8
0
 10
-0.931547682007
 20
-0.18161709247
 30
0.0
 11
-0.979657923444
 21
-0.0856212433999
 31
0.0
  0
LINE
  8
0
 10
-0.979657923444
 20
-0.0856212433999
 30
0.0
 11
-1.01756939381
 21
0.0147724480563
 31
0.0
  0
LINE
  8
0
 10
-1.01756939381
 20
0.0147724480563
 30
0.0
 11
-1.04525749815
 21
0.118391154458
 31
0.0
  0
LINE
  8
0
 10
-1.04525749815
 20
0.118391154458
 30
0.0
 11
-1.06280812812
 21
0.224143539203
 31
0.0
  0
LINE
  8
0
 10
-1.06280812812
 20
0.224143539203
 30
0.0
 11
-1.07039932907
 21
0.331021224739
 31
0.0
  0
LINE
  8
0
 10
-1.07039932907
 20
0.331021224739
 30
0.0
 11
-1.06828521047
 21
0.438098543483
 31
0.0
  0
LINE
  8
0
 10
-1.06828521047
 20
0.438098543483
 30
0.0
 11
-1.05678188703
 21
0.544531015677
 31
0.0
  0
LINE
  8
0
 10
-1.05678188703
 20
0.544531015677
 30
0.0
 11
-1.0362552429
 21
0.649552902425
 31
0.0
  0
LINE
  8
0
 10
-1.0362552429
 20
0.649552902425
 30
0.0
 11
-1.00711032183
 21
0.752474106005
 31
0.0
  0
LINE
  8
0
 10
-1.00711032183
 20
0.752474106005
 30
0.0
 11
-0.96978216036
 21
0.852676629249
 31
0.0
  0
LINE
  8
0
 10
-0.96978216036
 20
0.852676629249
 30
0.0
 11
-0.924727896603
 21
0.949610758023
 31
0.0
  0
LINE
  8
0
 10
-0.924727896603
 20
0.949610758023
 30
0.0
 11
-0.872420002511
 21
1.04279109305
 31
0.0
  0
LINE
  8
0
 10
-0.872420002511
 20
1.04279109305
 30
0.0
 11
-0.813340503281
 21
1.13179252742
 31
0.0
  0
LINE
  8
0
 10
-0.813340503281
 20
1.13179252742
 30
0.0
 11
-0.74797606176
 21
1.21624624253
 31
0.0
  0
LINE
  8
0
 10
-0.74797606176
 20
1.21624624253
 30
0.0
 11
-0.6768138193
 21
1.2958357766
 31
0.0
  0
LINE
  8
0
 10
-0.6768138193
 20
1.2958357766
 30
0.0
 11
-0.600337896862
 21
1.37029320525
 31
0.0
  0
LINE
  8
0
 10
-0.600337896862
 20
1.37029320525
 30
0.0
 11
-0.519026471321
 21
1.43939546219
 31
0.0
  0
LINE
  8
0
 10
-0.519026471321
 20
1.43939546219
 30
0.0
 11
-0.433349352012
 21
1.50296081898
 31
0.0
  0
LINE
  8
0
 10
-0.433349352012
 20
1.50296081898
 30
0.0
 11
-0.343765991561
 21
1.56084553597
 31
0.0
  0
LINE
  8
0
 10
-0.343765991561
 20
1.56084553597
 30
0.0
 11
-0.250723873033
 21
1.61294069104
 31
0.0
  0
LINE
  8
0
 10
-0.250723873033
 20
1.61294069104
 30
0.0
 11
-0.154657222579
 21
1.65916918863
 31
0.0
  0
LINE
  8
0
 10
-0.154657222579
 20
1.65916918863
 30
0.0
 11
-0.0559860029973
 21
1.69948294848
 31
0.0
  0
LINE
  8
0
 10
-0.0559860029973
 20
1.69948294848
 30
0.0
 11
0.0448848507675
 21
1.73386027103
 31
0.0
  0
LINE
  8
0
 10
0.0448848507675
 20
1.73386027103
 30
0.0
 11
0.147565988332
 21
1.76230337477
 31
0.0
  0
LINE
  8
0
 10
0.147565988332
 20
1.76230337477
 30
0.0
 11
0.251684022581
 21
1.7848360996
 31
0.0
  0
LINE
  8
0
 10
0.251684022581
 20
1.7848360996
 30
0.0
 11
0.356881756424
 21
1.80150176944
 31
0.0
  0
LINE
  8
0
 10
0.356881756424
 20
1.80150176944
 30
0.0
 11
0.4628182803
 21
1.81236120664
 31
0.0
  0
LINE
  8
0
 10
0.4628182803
 20
1.81236120664
 30
0.0
 11
0.569168960246
 21
1.81749089063
 31
0.0
  0
LINE
  8
0
 10
0.569168960246
 20
1.81749089063
 30
0.0
 11
0.67562533376
 21
1.81698125294
 31
0.0
  0
LINE
  8
0
 10
0.67562533376
 20
1.81698125294
 30
0.0
 11
0.781894928473
 21
1.8109351009
 31
0.0
  0
LINE
  8
0
 10
0.781894928473
 20
1.8109351009
 30
0.0
 11
0.887701016673
 21
1.79946616221
 31
0.0
  0
LINE
  8
0
 10
0.887701016673
 20
1.79946616221
 30
0.0
 11
0.992782316998
 21
1.78269774307
 31
0.0
  0
LINE
  8
0
 10
0.992782316998
 20
1.78269774307
 30
0.0
 11
1.09689265313
 21
1.7607614925
 31
0.0
  0
LINE
  8
0
 10
1.09689265313
 20
1.7607614925
 30
0.0
 11
1.19980057796
 21
1.7337962659
 31
0.0
  0
LINE
  8
0
 10
1.19980057796
 20
1.7337962659
 30
0.0
 11
1.30128897064
 21
1.70194708133
 31
0.0
  0
LINE
  8
0
 10
1.30128897064
 20
1.70194708133
 30
0.0
 11
1.40115461279
 21
1.66536416205
 31
0.0
  0
LINE
  8
0
 10
1.40115461279
 20
1.66536416205
 30
0.0
 11
1.49920774931
 21
1.62420205932
 31
0.0
  0
LINE
  8
0
 10
1.49920774931
 20
1.62420205932
 30
0.0
 11
1.59527163862
 21
1.57861885001
 31
0.0
  0
LINE
  8
0
 10
1.59527163862
 20
1.57861885001
 30
0.0
 11
1.68918209614
 21
1.52877540337
 31
0.0
  0
LINE
  8
0
 10
1.68918209614
 20
1.52877540337
 30
0.0
 11
1.78078703459
 21
1.47483471223
 31
0.0
  0
LINE
  8
0
 10
1.78078703459
 20
1.47483471223
 30
0.0
 11
1.86994600395
 21
1.41696128375
 31
0.0
  0
LINE
  8
0
 10
1.86994600395
 20
1.41696128375
 30
0.0
 11
1.95652973359
 21
1.35532058544
 31
0.0
  0
LINE
  8
0
 10
1.95652973359
 20
1.35532058544
 30
0.0
 11
2.04041967853
 21
1.29007854222
 31
0.0
  0
LINE
  8
0
 10
2.04041967853
 20
1.29007854222
 30
0.0
 11
2.12150757173
 21
1.22140108079
 31
0.0
  0
LINE
  8
0
 10
2.12150757173
 20
1.22140108079
 30
0.0
 11
2.19969498375
 21
1.14945371763
 31
0.0
  0
LINE
  8
0
 10
2.19969498375
 20
1.14945371763
 30
0.0
 11
2.27489289086
 21
1.07440118734
 31
0.0
  0
LINE
  8
0
 10
2.27489289086
 20
1.07440118734
 30
0.0
 11
2.34702125278
 21
0.996407108274
 31
0.0
  0
LINE
  8
0
 10
2.34702125278
 20
0.996407108274
 30
0.0
 11
2.41600860065
 21
0.915633682423
 31
0.0
  0
LINE
  8
0
 10
2.41600860065
 20
0.915633682423
 30
0.0
 11
2.4817916358
 21
0.832241427011
 31
0.0
  0
LINE
  8
0
 10
2.4817916358
 20
0.832241427011
 30
0.0
 11
2.54431483992
 21
0.746388935234
 31
0.0
  0
LINE
  8
0
 10
2.54431483992
 20
0.746388935234
 30
0.0
 11
2.60353009678
 21
0.658232663845
 31
0.0
  0
LINE
  8
0
 10
2.60353009678
 20
0.658232663845
 30
0.0
 11
2.65939632586
 21
0.567926745438
 31
0.0
  0
LINE
  8
0
 10
2.65939632586
 20
0.567926745438
 30
0.0
 11
2.71187912786
 21
0.475622823435
 31
0.0
  0
LINE
  8
0
 10
2.71187912786
 20
0.475622823435
 30
0.0
 11
2.76095044235
 21
0.381469907936
 31
0.0
  0
LINE
  8
0
 10
2.76095044235
 20
0.381469907936
 30
0.0
 11
2.80658821728
 21
0.28561425072
 31
0.0
  0
LINE
  8
0
 10
2.80658821728
 20
0.28561425072
 30
0.0
 11
2.84877609047
 21
0.188199237803
 31
0.0
  0
LINE
  8
0
 10
2.84877609047
 20
0.188199237803
 30
0.0
 11
2.88750308289
 21
0.0893652981067
 31
0.0
  0
LINE
  8
0
 10
2.88750308289
 20
0.0893652981067
 30
0.0
 11
2.92276330354
 21
-0.010750173143
 31
0.0
  0
LINE
  8
0
 10
2.92276330354
 20
-0.010750173143
 30
0.0
 11
2.95455566576
 21
-0.112012877523
 31
0.0
  0
LINE
  8
0
 10
2.95455566576
 20
-0.112012877523
 30
0.0
 11
2.98288361472
 21
-0.214291664199
 31
0.0
  0
LINE
  8
0
 10
2.98288361472
 20
-0.214291664199
 30
0.0
 11
3.0077548659
 21
-0.317458569465
 31
0.0
  0
LINE
  8
0
 10
3.0077548659
 20
-0.317458569465
 30
0.0
 11
3.0291811542
 21
-0.421388846017
 31
0.0
  0
LINE
  8
0
 10
3.0291811542
 20
-0.421388846017
 30
0.0
 11
3.0471779935
 21
-0.525960982891
 31
0.0
  0
LINE
  8
0
 10
3.0471779935
 20
-0.525960982891
 30
0.0
 11
3.06176444636
 21
-0.63105671691
 31
0.0
  0
LINE
  8
0
 10
3.06176444636
 20
-0.63105671691
 30
0.0
 11
3.07296290346
 21
-0.736561036417
 31
0.0
  0
LINE
  8
0
 10
3.07296290346
 20
-0.736561036417
 30
0.0
 11
3.08079887267
 21
-0.842362178017
 31
0.0
  0
LINE
  8
0
 10
3.08079887267
 20
-0.842362178017
 30
0.0
 11
3.08530077726
 21
-0.948351617007
 31
0.0
  0
LINE
  8
0
 10
3.08530077726
 20
-0.948351617007
 30
0.0
 11
3.0864997631
 21
-1.05442405208
 31
0.0
  0
LINE
  8
0
 10
3.0864997631
 20
-1.05442405208
 30
0.0
 11
3.08442951443
 21
-1.16047738493
 31
0.0
  0
LINE
  8
0
 10
3.08442951443
 20
-1.16047738493
 30
0.0
 11
3.079126078
 21
-1.26641269517
 31
0.0
  0
LINE
  8
0
 10
3.079126078
 20
-1.26641269517
 30
0.0
 11
3.07062769517
 21
-1.37213421118
 31
0.0
  0
LINE
  8
0
 10
3.07062769517
 20
-1.37213421118
 30
0.0
 11
3.05897464185
 21
-1.47754927727
 31
0.0
  0
LINE
  8
0
 10
3.05897464185
 20
-1.47754927727
 30
0.0
 11
3.04420907577
 21
-1.58256831747
 31
0.0
  0
LINE
  8
0
 10
3.04420907577
 20
-1.58256831747
 30
0.0
 11
3.026374891
 21
-1.6871047965
 31
0.0
  0
ARC
  8
0
 10
4.99788998551
 20
-2.02345020244
 30
0.0
 40
2.0
 50
170.318406889
 51
230.318406889
  0
CIRCLE
  8
0
 10
1.73324871291
 20
1.14751790298
 30
0.0
 40
0.138649179858
  0
CIRCLE
  8
0
 10
2.10859105233
 20
0.752221528993
 30
0.0
 40
0.16474429566
  0
CIRCLE
  8
0
 10
2.40498807207
 20
0.227503192173
 30
0.0
 40
0.19098225494
  0
CIRCLE
  8
0
 10
2.5769417019
 20
-0.407743598723
 30
0.0
 40
0.215223421386
  0
CIRCLE
  8
0
 10
2.58679027248
 20
-1.11364502531
 30
0.0
 40
0.234791235175
  0
CIRCLE
  8
0
 10
2.48794020418
 20
-1.75620564707
 30
0.0
 40
0.241537706698
  0
CIRCLE
  8
0
 10
2.5486327641
 20
-2.43657939256
 30
0.0
 40
0.249996908797
  0
CIRCLE
  8
0
 10
2.82419410102
 20
-3.08005223136
 30
0.0
 40
0.238162030205
  0
CIRCLE
  8
0
 10
3.26949176756
 20
-3.58909468819
 30
0.0
 40
0.227362379137
  0
CIRCLE
  8
0
 10
3.71883716237
 20
-4.05287996769
 30
0.0
 40
0.218048256652
  0
CIRCLE
  8
0
 10
4.05432322387
 20
-4.59331301329
 30
0.0
 40
0.210634616617
  0
CIRCLE
  8
0
 10
4.26478936366
 20
-5.17784655738
 30
0.0
 40
0.205038637091
  0
CIRCLE
  8
0
 10
4.34993401182
 20
-5.78195306236
 30
0.0
 40
0.201493754506
  0
CIRCLE
  8
0
 10
4.3122702388
 20
-6.38376314555
 30
0.0
 40
0.200039453555
  0
CIRCLE
  8
0
 10
4.16704334457
 20
-6.93382097753
 30
0.0
 40
0.170864290628
  0
CIRCLE
  8
0
 10
3.95175251722
 20
-7.39371972518
 30
0.0
 40
0.139011409773
  0
LINE
  8
0
 10
-2.47846549474
 20
-9.83282293995
 30
0.0
 11
-2.37865017153
 21
-9.86988103264
 31
0.0
  0
LINE
  8
0
 10
-2.37865017153
 20
-9.86988103264
 30
0.0
 11
-2.28800165848
 21
-9.92546335133
 31
0.0
  0
LINE
  8
0
 10
-2.28800165848
 20
-9.92546335133
 30
0.0
 11
-2.20917415816
 21
-9.99663843978
 31
0.0
  0
LINE
  8
0
 10
-2.20917415816
 20
-9.99663843978
 30
0.0
 11
-2.14403356236
 21
-10.0803763693
 31
0.0
  0
LINE
  8
0
 10
-2.14403356236
 20
-10.0803763693
 30
0.0
 11
-2.09376575023
 21
-10.1736842269
 31
0.0
  0
LINE
  8
0
 10
-2.09376575023
 20
-10.1736842269
 30
0.0
 11
-2.05898304087
 21
-10.2737000128
 31
0.0
  0
LINE
  8
0
 10
-2.05898304087
 20
-10.2737000128
 30
0.0
 11
-2.03982375024
 21
-10.377754689
 31
0.0
  0
LINE
  8
0
 10
-2.03982375024
 20
-10.377754689
 30
0.0
 11
-2.03604231119
 21
-10.4834102071
 31
0.0
  0
LINE
  8
0
 10
-2.03604231119
 20
-10.4834102071
 30
0.0
 11
-2.04708897852
 21
-10.5884796922
 31
0.0
  0
LINE
  8
0
 10
-2.04708897852
 20
-10.5884796922
 30
0.0
 11
-2.07217908614
 21
-10.6910346009
 31
0.0
  0
LINE
  8
0
 10
-2.07217908614
 20
-10.6910346009
 30
0.0
 11
-2.11035236912
 21
-10.7894025631
 31
0.0
  0
LINE
  8
0
 10
-2.11035236912
 20
-10.7894025631
 30
0.0
 11
-2.16052315268
 21
-10.8821587457
 31
0.0
  0
LINE
  8
0
 10
-2.16052315268
 20
-10.8821587457
 30
0.0
 11
-2.22152233822
 21
-10.9681128832
 31
0.0
  0
LINE
  8
0
 10
-2.22152233822
 20
-10.9681128832
 30
0.0
 11
-2.29213214475
 21
-11.0462935875
 31
0.0
  0
LINE
  8
0
 10
-2.29213214475
 20
-11.0462935875
 30
0.0
 11
-2.37111453476
 21
-11.1159311285
 31
0.0
  0
LINE
  8
0
 10
-2.37111453476
 20
-11.1159311285
 30
0.0
 11
-2.45723418999
 21
-11.1764395628
 31
0.0
  0
LINE
  8
0
 10
-2.45723418999
 20
-11.1764395628
 30
0.0
 11
-2.54927682487
 21
-11.2273988379
 31
0.0
  0
LINE
  8
0
 10
-2.54927682487
 20
-11.2273988379
 30
0.0
 11
-2.64606354043
 21
-11.268537316
 31
0.0
  0
LINE
  8
0
 10
-2.64606354043
 20
-11.268537316
 30
0.0
 11
-2.74646183871
 21
-11.2997150202
 31
0.0
  0
LINE
  8
0
 10
-2.74646183871
 20
-11.2997150202
 30
0.0
 11
-2.84939383844
 21
-11.3209077992
 31
0.0
  0
LINE
  8
0
 10
-2.84939383844
 20
-11.3209077992
 30
0.0
 11
-2.95384216017
 21
-11.3321925279
 31
0.0
  0
LINE
  8
0
 10
-2.95384216017
 20
-11.3321925279
 30
0.0
 11
-3.05885388348
 21
-11.3337334037
 31
0.0
  0
LINE
  8
0
 10
-3.05885388348
 20
-11.3337334037
 30
0.0
 11
-3.16354292078
 21
-11.3257693559
 31
0.0
  0
LINE
  8
0
 10
-3.16354292078
 20
-11.3257693559
 30
0.0
 11
-3.26709110085
 21
-11.3086025539
 31
0.0
  0
LINE
  8
0
 10
-3.26709110085
 20
-11.3086025539
 30
0.0
 11
-3.36874821056
 21
-11.2825879822
 31
0.0
  0
LINE
  8
0
 10
-3.36874821056
 20
-11.2825879822
 30
0.0
 11
-3.46783120486
 21
-11.2481240322
 31
0.0
  0
LINE
  8
0
 10
-3.46783120486
 20
-11.2481240322
 30
0.0
 11
-3.56372276109
 21
-11.2056440544
 31
0.0
  0
LINE
  8
0
 10
-3.56372276109
 20
-11.2056440544
 30
0.0
 11
-3.65586932593
 21
-11.1556088089
 31
0.0
  0
LINE
  8
0
 10
-3.65586932593
 20
-11.1556088089
 30
0.0
 11
-3.7437787778
 21
-11.0984997495
 31
0.0
  0
LINE
  8
0
 10
-3.7437787778
 20
-11.0984997495
 30
0.0
 11
-3.82701780765
 21
-11.0348130767
 31
0.0
  0
LINE
  8
0
 10
-3.82701780765
 20
-11.0348130767
 30
0.0
 11
-3.90520910248
 21
-10.965054497
 31
0.0
  0
LINE
  8
0
 10
-3.90520910248
 20
-10.965054497
 30
0.0
 11
-3.97802840149
 21
-10.8897346254
 31
0.0
  0
LINE
  8
0
 10
-3.97802840149
 20
-10.8897346254
 30
0.0
 11
-4.04520148168
 21
-10.8093649759
 31
0.0
  0
LINE
  8
0
 10
-4.04520148168
 20
-10.8093649759
 30
0.0
 11
-4.10650111919
 21
-10.7244544819
 31
0.0
  0
LINE
  8
0
 10
-4.10650111919
 20
-10.7244544819
 30
0.0
 11
-4.16174406345
 21
-10.6355064977
 31
0.0
  0
LINE
  8
0
 10
-4.16174406345
 20
-10.6355064977
 30
0.0
 11
-4.21078805379
 21
-10.5430162319
 31
0.0
  0
LINE
  8
0
 10
-4.21078805379
 20
-10.5430162319
 30
0.0
 11
-4.25352890177
 21
-10.4474685695
 31
0.0
  0
LINE
  8
0
 10
-4.25352890177
 20
-10.4474685695
 30
0.0
 11
-4.28989765701
 21
-10.3493362414
 31
0.0
  0
LINE
  8
0
 10
-4.28989765701
 20
-10.3493362414
 30
0.0
 11
-4.31985787013
 21
-10.2490783049
 31
0.0
  0
LINE
  8
0
 10
-4.31985787013
 20
-10.2490783049
 30
0.0
 11
-4.34340296271
 21
-10.1471389008
 31
0.0
  0
LINE
  8
0
 10
-4.34340296271
 20
-10.1471389008
 30
0.0
 11
-4.36055371084
 21
-10.0439462567
 31
0.0
  0
LINE
  8
0
 10
-4.36055371084
 20
-10.0439462567
 30
0.0
 11
-4.37135584694
 21
-9.93991190708
 31
0.0
  0
LINE
  8
0
 10
-4.37135584694
 20
-9.93991190708
 30
0.0
 11
-4.37587778184
 21
-9.83543010674
 31
0.0
  0
LINE
  8
0
 10
-4.37587778184
 20
-9.83543010674
 30
0.0
 11
-4.37420844798
 21
-9.73087741323
 31
0.0
  0
LINE
  8
0
 10
-4.37420844798
 20
-9.73087741323
 30
0.0
 11
-4.366455263
 21
-9.62661241778
 31
0.0
  0
LINE
  8
0
 10
-4.366455263
 20
-9.62661241778
 30
0.0
 11
-4.35274221203
 21
-9.52297560622
 31
0.0
  0
LINE
  8
0
 10
-4.35274221203
 20
-9.52297560622
 30
0.0
 11
-4.3332080461
 21
-9.42028933307
 31
0.0
  0
LINE
  8
0
 10
-4.3332080461
 20
-9.42028933307
 30
0.0
 11
-4.30800459349
 21
-9.3188578936
 31
0.0
  0
LINE
  8
0
 10
-4.30800459349
 20
-9.3188578936
 30
0.0
 11
-4.27729518044
 21
-9.21896768047
 31
0.0
  0
LINE
  8
0
 10
-4.27729518044
 20
-9.21896768047
 30
0.0
 11
-4.24125315702
 21
-9.12088741275
 31
0.0
  0
LINE
  8
0
 10
-4.24125315702
 20
-9.12088741275
 30
0.0
 11
-4.20006052415
 21
-9.02486842658
 31
0.0
  0
LINE
  8
0
 10
-4.20006052415
 20
-9.02486842658
 30
0.0
 11
-4.15390665712
 21
-8.93114501792
 31
0.0
  0
LINE
  8
0
 10
-4.15390665712
 20
-8.93114501792
 30
0.0
 11
-4.10298712122
 21
-8.8399348286
 31
0.0
  0
LINE
  8
0
 10
-4.10298712122
 20
-8.8399348286
 30
0.0
 11
-4.04750257498
 21
-8.75143926833
 31
0.0
  0
LINE
  8
0
 10
-4.04750257498
 20
-8.75143926833
 30
0.0
 11
-3.98765775642
 21
-8.6658439657
 31
0.0
  0
LINE
  8
0
 10
-3.98765775642
 20
-8.6658439657
 30
0.0
 11
-3.923660548
 21
-8.58331924233
 31
0.0
  0
LINE
  8
0
 10
-3.923660548
 20
-8.58331924233
 30
0.0
 11
-3.85572111576
 21
-8.50402060479
 31
0.0
  0
LINE
  8
0
 10
-3.85572111576
 20
-8.50402060479
 30
0.0
 11
-3.78405111855
 21
-8.42808924981
 31
0.0
  0
LINE
  8
0
 10
-3.78405111855
 20
-8.42808924981
 30
0.0
 11
-3.70886298319
 21
-8.35565257846
 31
0.0
  0
LINE
  8
0
 10
-3.70886298319
 20
-8.35565257846
 30
0.0
 11
-3.63036924159
 21
-8.286824716
 31
0.0
  0
LINE
  8
0
 10
-3.63036924159
 20
-8.286824716
 30
0.0
 11
-3.54878192601
 21
-8.22170703402
 31
0.0
  0
LINE
  8
0
 10
-3.54878192601
 20
-8.22170703402
 30
0.0
 11
-3.46431201887
 21
-8.16038867238
 31
0.0
  0
LINE
  8
0
 10
-3.46431201887
 20
-8.16038867238
 30
0.0
 11
-3.37716895353
 21
-8.10294705849
 31
0.0
  0
LINE
  8
0
 10
-3.37716895353
 20
-8.10294705849
 30
0.0
 11
-3.28756016284
 21
-8.04944842184
 31
0.0
  0
LINE
  8
0
 10
-3.28756016284
 20
-8.04944842184
 30
0.0
 11
-3.1956906721
 21
-7.99994830229
 31
0.0
  0
LINE
  8
0
 10
-3.1956906721
 20
-7.99994830229
 30
0.0
 11
-3.10176273368
 21
-7.95449205032
 31
0.0
  0
LINE
  8
0
 10
-3.10176273368
 20
-7.95449205032
 30
0.0
 11
-3.00597550026
 21
-7.91311531833
 31
0.0
  0
LINE
  8
0
 10
-3.00597550026
 20
-7.91311531833
 30
0.0
 11
-2.90852473406
 21
-7.87584454166
 31
0.0
  0
LINE
  8
0
 10
-2.90852473406
 20
-7.87584454166
 30
0.0
 11
-2.80960254952
 21
-7.84269740867
 31
0.0
  0
ARC
  8
0
 10
-2.01530155049
 20
-10.213158529
 30
0.0
 40
2.5
 50
48.5251201995
 51
108.525120199
  0
ARC
  8
0
 10
1.6273023581
 20
-6.09230464112
 30
0.0
 40
3.0
 50
228.5251202
 51
-71.474879801
  0
LINE
  8
0
 10
-2.47846549474
 20
-9.83282293995
 30
0.0
 11
-2.37433695552
 21
-9.86499892015
 31
0.0
  0
LINE
  8
0
 10
-2.37433695552
 20
-9.86499892015
 30
0.0
 11
-2.27852407602
 21
-9.91647979779
 31
0.0
  0
LINE
  8
0
 10
-2.27852407602
 20
-9.91647979779
 30
0.0
 11
-2.19370405406
 21
-9.98425979555
 31
0.0
  0
LINE
  8
0
 10
-2.19370405406
 20
-9.98425979555
 30
0.0
 11
-2.12172105496
 21
-10.0653153564
 31
0.0
  0
LINE
  8
0
 10
-2.12172105496
 20
-10.0653153564
 30
0.0
 11
-2.06373532802
 21
-10.1567277586
 31
0.0
  0
LINE
  8
0
 10
-2.06373532802
 20
-10.1567277586
 30
0.0
 11
-2.02035481227
 21
-10.2557586397
 31
0.0
  0
LINE
  8
0
 10
-2.02035481227
 20
-10.2557586397
 30
0.0
 11
-1.99174821117
 21
-10.3598929482
 31
0.0
  0
LINE
  8
0
 10
-1.99174821117
 20
-10.3598929482
 30
0.0
 11
-1.977740418
 21
-10.4668596148
 31
0.0
  0
LINE
  8
0
 10
-1.977740418
 20
-10.4668596148
 30
0.0
 11
-1.97789201768
 21
-10.5746372101
 31
0.0
  0
LINE
  8
0
 10
-1.97789201768
 20
-10.5746372101
 30
0.0
 11
-1.99156487024
 21
-10.6814497059
 31
0.0
  0
LINE
  8
0
 10
-1.99156487024
 20
-10.6814497059
 30
0.0
 11
-2.01797577099
 21
-10.7857559316
 31
0.0
  0
LINE
  8
0
 10
-2.01797577099
 20
-10.7857559316
 30
0.0
 11
-2.05624003379
 21
-10.8862352309
 31
0.0
  0
LINE
  8
0
 10
-2.05624003379
 20
-10.8862352309
 30
0.0
 11
-2.10540663789
 21
-10.9817710531
 31
0.0
  0
LINE
  8
0
 10
-2.10540663789
 20
-10.9817710531
 30
0.0
 11
-2.16448636113
 21
-11.0714336689
 31
0.0
  0
LINE
  8
0
 10
-2.16448636113
 20
-11.0714336689
 30
0.0
 11
-2.23247411313
 21
-11.154462811
 31
0.0
  0
LINE
  8
0
 10
-2.23247411313
 20
-11.154462811
 30
0.0
 11
-2.30836649301
 21
-11.230250766
 31
0.0
  0
LINE
  8
0
 10
-2.30836649301
 20
-11.230250766
 30
0.0
 11
-2.39117542972
 21
-11.2983262497
 31
0.0
  0
LINE
  8
0
 10
-2.39117542972
 20
-11.2983262497
 30
0.0
 11
-2.47993862002
 21
-11.3583392654
 31
0.0
  0
LINE
  8
0
 10
-2.47993862002
 20
-11.3583392654
 30
0.0
 11
-2.57372735752
 21
-11.4100470443
 31
0.0
  0
LINE
  8
0
 10
-2.57372735752
 20
-11.4100470443
 30
0.0
 11
-2.67165224395
 21
-11.4533011101
 31
0.0
  0
LINE
  8
0
 10
-2.67165224395
 20
-11.4533011101
 30
0.0
 11
-2.77286718789
 21
-11.4880354582
 31
0.0
  0
LINE
  8
0
 10
-2.77286718789
 20
-11.4880354582
 30
0.0
 11
-2.87657202532
 21
-11.514255818
 31
0.0
  0
LINE
  8
0
 10
-2.87657202532
 20
-11.514255818
 30
0.0
 11
-2.9820140367
 21
-11.5320299435
 31
0.0
  0
LINE
  8
0
 10
-2.9820140367
 20
-11.5320299435
 30
0.0
 11
-3.08848858659
 21
-11.5414788709
 31
0.0
  0
LINE
  8
0
 10
-3.08848858659
 20
-11.5414788709
 30
0.0
 11
-3.1953390709
 21
-11.5427690733
 31
0.0
  0
LINE
  8
0
 10
-3.1953390709
 20
-11.5427690733
 30
0.0
 11
-3.30195632366
 21
-11.5361054433
 31
0.0
  0
LINE
  8
0
 10
-3.30195632366
 20
-11.5361054433
 30
0.0
 11
-3.40777760715
 21
-11.521725034
 31
0.0
  0
LINE
  8
0
 10
-3.40777760715
 20
-11.521725034
 30
0.0
 11
-3.51228528675
 21
-11.4998914913
 31
0.0
  0
LINE
  8
0
 10
-3.51228528675
 20
-11.4998914913
 30
0.0
 11
-3.61500527268
 21
-11.470890114
 31
0.0
  0
LINE
  8
0
 10
-3.61500527268
 20
-11.470890114
 30
0.0
 11
-3.71550529542
 21
-11.4350234823
 31
0.0
  0
LINE
  8
0
 10
-3.71550529542
 20
-11.4350234823
 30
0.0
 11
-3.81339306886
 21
-11.3926075989
 31
0.0
  0
LINE
  8
0
 10
-3.81339306886
 20
-11.3926075989
 30
0.0
 11
-3.90831438449
 21
-11.3439684915
 31
0.0
  0
LINE
  8
0
 10
-3.90831438449
 20
-11.3439684915
 30
0.0
 11
-3.99995117146
 21
-11.2894392307
 31
0.0
  0
LINE
  8
0
 10
-3.99995117146
 20
-11.2894392307
 30
0.0
 11
-4.08801954998
 21
-11.2293573198
 31
0.0
  0
LINE
  8
0
 10
-4.08801954998
 20
-11.2293573198
 30
0.0
 11
-4.17226789992
 21
-11.1640624169
 31
0.0
  0
LINE
  8
0
 10
-4.17226789992
 20
-11.1640624169
 30
0.0
 11
-4.25247496145
 21
-11.0938943564
 31
0.0
  0
LINE
  8
0
 10
-4.25247496145
 20
-11.0938943564
 30
0.0
 11
-4.32844798063
 21
-11.0191914346
 31
0.0
  0
LINE
  8
0
 10
-4.32844798063
 20
-11.0191914346
 30
0.0
 11
-4.40002090987
 21
-10.9402889344
 31
0.0
  0
LINE
  8
0
 10
-4.40002090987
 20
-10.9402889344
 30
0.0
 11
-4.46705267025
 21
-10.8575178594
 31
0.0
  0
LINE
  8
0
 10
-4.46705267025
 20
-10.8575178594
 30
0.0
 11
-4.52942548067
 21
-10.7712038571
 31
0.0
  0
LINE
  8
0
 10
-4.52942548067
 20
-10.7712038571
 30
0.0
 11
-4.58704325729
 21
-10.6816663085
 31
0.0
  0
LINE
  8
0
 10
-4.58704325729
 20
-10.6816663085
 30
0.0
 11
-4.63983008487
 21
-10.5892175658
 31
0.0
  0
LINE
  8
0
 10
-4.63983008487
 20
-10.5892175658
 30
0.0
 11
-4.68772876096
 21
-10.4941623211
 31
0.0
  0
LINE
  8
0
 10
-4.68772876096
 20
-10.4941623211
 30
0.0
 11
-4.7306994128
 21
-10.3967970915
 31
0.0
  0
LINE
  8
0
 10
-4.7306994128
 20
-10.3967970915
 30
0.0
 11
-4.76871818601
 21
-10.2974098064
 31
0.0
  0
LINE
  8
0
 10
-4.76871818601
 20
-10.2974098064
 30
0.0
 11
-4.80177600381
 21
-10.1962794853
 31
0.0
  0
LINE
  8
0
 10
-4.80177600381
 20
-10.1962794853
 30
0.0
 11
-4.82987739497
 21
-10.0936759948
 31
0.0
  0
LINE
  8
0
 10
-4.82987739497
 20
-10.0936759948
 30
0.0
 11
-4.85303938839
 21
-9.98985987627
 31
0.0
  0
LINE
  8
0
 10
-4.85303938839
 20
-9.98985987627
 30
0.0
 11
-4.87129047202
 21
-9.88508223357
 31
0.0
  0
LINE
  8
0
 10
-4.87129047202
 20
-9.88508223357
 30
0.0
 11
-4.88466961365
 21
-9.77958467506
 31
0.0
  0
LINE
  8
0
 10
-4.88466961365
 20
-9.77958467506
 30
0.0
 11
-4.89322534105
 21
-9.67359930187
 31
0.0
  0
LINE
  8
0
 10
-4.89322534105
 20
-9.67359930187
 30
0.0
 11
-4.89701487881
 21
-9.56734873666
 31
0.0
  0
LINE
  8
0
 10
-4.89701487881
 20
-9.56734873666
 30
0.0
 11
-4.8961033392
 21
-9.46104618728
 31
0.0
  0
LINE
  8
0
 10
-4.8961033392
 20
-9.46104618728
 30
0.0
 11
-4.89056296462
 21
-9.35489554059
 31
0.0
  0
LINE
  8
0
 10
-4.89056296462
 20
-9.35489554059
 30
0.0
 11
-4.88047241879
 21
-9.24909148202
 31
0.0
  0
LINE
  8
0
 10
-4.88047241879
 20
-9.24909148202
 30
0.0
 11
-4.86591612444
 21
-9.14381963697
 31
0.0
  0
LINE
  8
0
 10
-4.86591612444
 20
-9.14381963697
 30
0.0
 11
-4.84698364478
 21
-9.0392567308
 31
0.0
  0
LINE
  8
0
 10
-4.84698364478
 20
-9.0392567308
 30
0.0
 11
-4.82376910655
 21
-8.93557076416
 31
0.0
  0
LINE
  8
0
 10
-4.82376910655
 20
-8.93557076416
 30
0.0
 11
-4.79637066226
 21
-8.83292120115
 31
0.0
  0
LINE
  8
0
 10
-4.79637066226
 20
-8.83292120115
 30
0.0
 11
-4.76488998941
 21
-8.73145916785
 31
0.0
  0
LINE
  8
0
 10
-4.76488998941
 20
-8.73145916785
 30
0.0
 11
-4.7294318246
 21
-8.63132765914
 31
0.0
  0
LINE
  8
0
 10
-4.7294318246
 20
-8.63132765914
 30
0.0
 11
-4.69010353051
 21
-8.53266175185
 31
0.0
  0
LINE
  8
0
 10
-4.69010353051
 20
-8.53266175185
 30
0.0
 11
-4.64701469371
 21
-8.43558882287
 31
0.0
  0
LINE
  8
0
 10
-4.64701469371
 20
-8.43558882287
 30
0.0
 11
-4.60027675162
 21
-8.34022877044
 31
0.0
  0
LINE
  8
0
 10
-4.60027675162
 20
-8.34022877044
 30
0.0
 11
-4.55000264671
 21
-8.24669423764
 31
0.0
  0
LINE
  8
0
 10
-4.55000264671
 20
-8.24669423764
 30
0.0
 11
-4.49630650638
 21
-8.15509083684
 31
0.0
  0
LINE
  8
0
 10
-4.49630650638
 20
-8.15509083684
 30
0.0
 11
-4.43930334697
 21
-8.06551737415
 31
0.0
  0
LINE
  8
0
 10
-4.43930334697
 20
-8.06551737415
 30
0.0
 11
-4.37910880018
 21
-7.97806607308
 31
0.0
  0
LINE
  8
0
 10
-4.37910880018
 20
-7.97806607308
 30
0.0
 11
-4.31583886088
 21
-7.89282279671
 31
0.0
  0
LINE
  8
0
 10
-4.31583886088
 20
-7.89282279671
 30
0.0
 11
-4.24960965456
 21
-7.80986726761
 31
0.0
  0
LINE
  8
0
 10
-4.24960965456
 20
-7.80986726761
 30
0.0
 11
-4.18053722347
 21
-7.72927328516
 31
0.0
  0
LINE
  8
0
 10
-4.18053722347
 20
-7.72927328516
 30
0.0
 11
-4.10873733013
 21
-7.65110893964
 31
0.0
  0
LINE
  8
0
 10
-4.10873733013
 20
-7.65110893964
 30
0.0
 11
-4.03432527708
 21
-7.57543682286
 31
0.0
  0
LINE
  8
0
 10
-4.03432527708
 20
-7.57543682286
 30
0.0
 11
-3.95741574188
 21
-7.50231423489
 31
0.0
  0
LINE
  8
0
 10
-3.95741574188
 20
-7.50231423489
 30
0.0
 11
-3.87812262631
 21
-7.43179338664
 31
0.0
  0
LINE
  8
0
 10
-3.87812262631
 20
-7.43179338664
 30
0.0
 11
-3.79655891891
 21
-7.36392159817
 31
0.0
  0
LINE
  8
0
 10
-3.79655891891
 20
-7.36392159817
 30
0.0
 11
-3.71283656985
 21
-7.29874149244
 31
0.0
  0
LINE
  8
0
 10
-3.71283656985
 20
-7.29874149244
 30
0.0
 11
-3.6270663775
 21
-7.23629118435
 31
0.0
  0
LINE
  8
0
 10
-3.6270663775
 20
-7.23629118435
 30
0.0
 11
-3.53935788572
 21
-7.17660446515
 31
0.0
  0
LINE
  8
0
 10
-3.53935788572
 20
-7.17660446515
 30
0.0
 11
-3.44981929132
 21
-7.11971098192
 31
0.0
  0
LINE
  8
0
 10
-3.44981929132
 20
-7.11971098192
 30
0.0
 11
-3.35855736082
 21
-7.06563641219
 31
0.0
  0
LINE
  8
0
 10
-3.35855736082
 20
-7.06563641219
 30
0.0
 11
-3.26567735609
 21
-7.0144026337
 31
0.0
  0
LINE
  8
0
 10
-3.26567735609
 20
-7.0144026337
 30
0.0
 11
-3.17128296805
 21
-6.96602788926
 31
0.0
  0
LINE
  8
0
 10
-3.17128296805
 20
-6.96602788926
 30
0.0
 11
-3.07547625804
 21
-6.92052694667
 31
0.0
  0
LINE
  8
0
 10
-3.07547625804
 20
-6.92052694667
 30
0.0
 11
-2.9783576062
 21
-6.87791125383
 31
0.0
  0
LINE
  8
0
 10
-2.9783576062
 20
-6.87791125383
 30
0.0
 11
-2.88002566647
 21
-6.83818908907
 31
0.0
  0
LINE
  8
0
 10
-2.88002566647
 20
-6.83818908907
 30
0.0
 11
-2.78057732762
 21
-6.80136570662
 31
0.0
  0
ARC
  8
0
 10
-3.47505120889
 20
-4.92581084785
 30
0.0
 40
2.0
 50
290.318406889
 51
-9.681593111
  0
CIRCLE
  8
0
 10
-4.58886950647
 20
-9.33855717688
 30
0.0
 40
0.138649179858
  0
CIRCLE
  8
0
 10
-4.43420397428
 20
-8.81585298883
 30
0.0
 40
0.16474429566
  0
CIRCLE
  8
0
 10
-4.12798307464
 20
-8.29680647172
 30
0.0
 40
0.19098225494
  0
CIRCLE
  8
0
 10
-3.66382003097
 20
-7.83026686456
 30
0.0
 40
0.215223421386
  0
CIRCLE
  8
0
 10
-3.05741574826
 20
-7.46878703896
 30
0.0
 40
0.234791235175
  0
CIRCLE
  8
0
 10
-2.4515168922
 20
-7.2331133984
 30
0.0
 40
0.241537706698
  0
CIRCLE
  8
0
 10
-1.89264222449
 20
-6.84036522694
 30
0.0
 40
0.249996908797
  0
CIRCLE
  8
0
 10
-1.47315906791
 20
-6.27998568947
 30
0.0
 40
0.238162030205
  0
CIRCLE
  8
0
 10
-1.25496420196
 20
-5.63982536958
 30
0.0
 40
0.227362379137
  0
CIRCLE
  8
0
 10
-1.07798706541
 20
-5.01878820285
 30
0.0
 40
0.218048256652
  0
CIRCLE
  8
0
 10
-0.777701349625
 20
-4.45803222818
 30
0.0
 40
0.210634616617
  0
CIRCLE
  8
0
 10
-0.376713520978
 20
-3.98349643244
 30
0.0
 40
0.205038637091
  0
CIRCLE
  8
0
 10
0.103885734851
 20
-3.60770575164
 30
0.0
 40
0.201493754506
  0
CIRCLE
  8
0
 10
0.643900441653
 20
-3.33941849428
 30
0.0
 40
0.200039453555
  0
CIRCLE
  8
0
 10
1.19287794481
 20
-3.19015975801
 30
0.0
 40
0.170864290628
  0
CIRCLE
  8
0
 10
1.69880735712
 20
-3.14665770988
 30
0.0
 40
0.139011409773
  0
LINE
  8
0
 10
7.02624170955
 20
-7.49583825272
 30
0.0
 11
7.00842729762
 21
-7.39086660079
 31
0.0
  0
LINE
  8
0
 10
7.00842729762
 20
-7.39086660079
 30
0.0
 11
7.01123874108
 21
-7.28457152632
 31
0.0
  0
LINE
  8
0
 10
7.01123874108
 20
-7.28457152632
 30
0.0
 11
7.03346442565
 21
-7.18071736431
 31
0.0
  0
LINE
  8
0
 10
7.03346442565
 20
-7.18071736431
 30
0.0
 11
7.07341330199
 21
-7.08243498875
 31
0.0
  0
LINE
  8
0
 10
7.07341330199
 20
-7.08243498875
 30
0.0
 11
7.12908637098
 21
-6.99224785765
 31
0.0
  0
LINE
  8
0
 10
7.12908637098
 20
-6.99224785765
 30
0.0
 11
7.19831122762
 21
-6.91211725482
 31
0.0
  0
LINE
  8
0
 10
7.19831122762
 20
-6.91211725482
 30
0.0
 11
7.27884557532
 21
-6.84349748428
 31
0.0
  0
LINE
  8
0
 10
7.27884557532
 20
-6.84349748428
 30
0.0
 11
7.36845521846
 21
-6.78739490298
 31
0.0
  0
LINE
  8
0
 10
7.36845521846
 20
-6.78739490298
 30
0.0
 11
7.4649713954
 21
-6.74442685497
 31
0.0
  0
LINE
  8
0
 10
7.4649713954
 20
-6.74442685497
 30
0.0
 11
7.56633160543
 21
-6.7148780712
 31
0.0
  0
LINE
  8
0
 10
7.56633160543
 20
-6.7148780712
 30
0.0
 11
7.67060740115
 21
-6.69875312287
 31
0.0
  0
LINE
  8
0
 10
7.67060740115
 20
-6.69875312287
 30
0.0
 11
7.7760220034
 21
-6.69582420468
 31
0.0
  0
LINE
  8
0
 10
7.7760220034
 20
-6.69582420468
 30
0.0
 11
7.88096006284
 21
-6.70567398019
 31
0.0
  0
LINE
  8
0
 10
7.88096006284
 20
-6.70567398019
 30
0.0
 11
7.98397144205
 21
-6.7277335143
 31
0.0
  0
LINE
  8
0
 10
7.98397144205
 20
-6.7277335143
 30
0.0
 11
8.08377051663
 21
-6.76131549998
 31
0.0
  0
LINE
  8
0
 10
8.08377051663
 20
-6.76131549998
 30
0.0
 11
8.17923218555
 21
-6.805643092
 31
0.0
  0
LINE
  8
0
 10
8.17923218555
 20
-6.805643092
 30
0.0
 11
8.26938552977
 21
-6.85987471449
 31
0.0
  0
LINE
  8
0
 10
8.26938552977
 20
-6.85987471449
 30
0.0
 11
8.35340585463
 21
-6.92312522988
 31
0.0
  0
LINE
  8
0
 10
8.35340585463
 20
-6.92312522988
 30
0.0
 11
8.43060568763
 21
-6.9944838546
 31
0.0
  0
LINE
  8
0
 10
8.43060568763
 20
-6.9944838546
 30
0.0
 11
8.50042517248
 21
-7.07302919174
 31
0.0
  0
LINE
  8
0
 10
8.50042517248
 20
-7.07302919174
 30
0.0
 11
8.56242219506
 21
-7.15784172739
 31
0.0
  0
LINE
  8
0
 10
8.56242219506
 20
-7.15784172739
 30
0.0
 11
8.61626249436
 21
-7.24801410953
 31
0.0
  0
LINE
  8
0
 10
8.61626249436
 20
-7.24801410953
 30
0.0
 11
8.66170994526
 21
-7.34265949926
 31
0.0
  0
LINE
  8
0
 10
8.66170994526
 20
-7.34265949926
 30
0.0
 11
8.69861714865
 21
-7.44091825472
 31
0.0
  0
LINE
  8
0
 10
8.69861714865
 20
-7.44091825472
 30
0.0
 11
8.72691642357
 21
-7.54196318004
 31
0.0
  0
LINE
  8
0
 10
8.72691642357
 20
-7.54196318004
 30
0.0
 11
8.74661126452
 21
-7.64500354517
 31
0.0
  0
LINE
  8
0
 10
8.74661126452
 20
-7.64500354517
 30
0.0
 11
8.75776830272
 21
-7.74928805778
 31
0.0
  0
LINE
  8
0
 10
8.75776830272
 20
-7.74928805778
 30
0.0
 11
8.76050979145
 21
-7.85410694654
 31
0.0
  0
LINE
  8
0
 10
8.76050979145
 20
-7.85410694654
 30
0.0
 11
8.75500662113
 21
-7.95879329482
 31
0.0
  0
LINE
  8
0
 10
8.75500662113
 20
-7.95879329482
 30
0.0
 11
8.74147185956
 21
-8.06272374563
 31
0.0
  0
LINE
  8
0
 10
8.74147185956
 20
-8.06272374563
 30
0.0
 11
8.72015480475
 21
-8.16531868321
 31
0.0
  0
LINE
  8
0
 10
8.72015480475
 20
-8.16531868321
 30
0.0
 11
8.69133553206
 21
-8.26604198182
 31
0.0
  0
LINE
  8
0
 10
8.69133553206
 20
-8.26604198182
 30
0.0
 11
8.65531991398
 21
-8.36440040048
 31
0.0
  0
LINE
  8
0
 10
8.65531991398
 20
-8.36440040048
 30
0.0
 11
8.6124350879
 21
-8.45994269079
 31
0.0
  0
LINE
  8
0
 10
8.6124350879
 20
-8.45994269079
 30
0.0
 11
8.56302534611
 21
-8.55225847599
 31
0.0
  0
LINE
  8
0
 10
8.56302534611
 20
-8.55225847599
 30
0.0
 11
8.50744842153
 21
-8.64097695041
 31
0.0
  0
LINE
  8
0
 10
8.50744842153
 20
-8.64097695041
 30
0.0
 11
8.44607214259
 21
-8.72576544175
 31
0.0
  0
LINE
  8
0
 10
8.44607214259
 20
-8.72576544175
 30
0.0
 11
8.3792714311
 21
-8.80632787176
 31
0.0
  0
LINE
  8
0
 10
8.3792714311
 20
-8.80632787176
 30
0.0
 11
8.30742561771
 21
-8.88240314569
 31
0.0
  0
LINE
  8
0
 10
8.30742561771
 20
-8.88240314569
 30
0.0
 11
8.23091605048
 21
-8.953763496
 31
0.0
  0
LINE
  8
0
 10
8.23091605048
 20
-8.953763496
 30
0.0
 11
8.15012397326
 21
-9.02021280164
 31
0.0
  0
LINE
  8
0
 10
8.15012397326
 20
-9.02021280164
 30
0.0
 11
8.06542865164
 21
-9.08158490074
 31
0.0
  0
LINE
  8
0
 10
8.06542865164
 20
-9.08158490074
 30
0.0
 11
7.97720572576
 21
-9.13774191141
 31
0.0
  0
LINE
  8
0
 10
7.97720572576
 20
-9.13774191141
 30
0.0
 11
7.88582577022
 21
-9.18857257263
 31
0.0
  0
LINE
  8
0
 10
7.88582577022
 20
-9.18857257263
 30
0.0
 11
7.79165304294
 21
-9.2339906152
 31
0.0
  0
LINE
  8
0
 10
7.79165304294
 20
-9.2339906152
 30
0.0
 11
7.69504440588
 21
-9.27393317048
 31
0.0
  0
LINE
  8
0
 10
7.69504440588
 20
-9.27393317048
 30
0.0
 11
7.59634840175
 21
-9.30835922312
 31
0.0
  0
LINE
  8
0
 10
7.59634840175
 20
-9.30835922312
 30
0.0
 11
7.49590447213
 21
-9.33724811263
 31
0.0
  0
LINE
  8
0
 10
7.49590447213
 20
-9.33724811263
 30
0.0
 11
7.39404230344
 21
-9.36059808735
 31
0.0
  0
LINE
  8
0
 10
7.39404230344
 20
-9.36059808735
 30
0.0
 11
7.29108128827
 21
-9.37842491333
 31
0.0
  0
LINE
  8
0
 10
7.29108128827
 20
-9.37842491333
 30
0.0
 11
7.18733009057
 21
-9.3907605399
 31
0.0
  0
LINE
  8
0
 10
7.18733009057
 20
-9.3907605399
 30
0.0
 11
7.08308630422
 21
-9.3976518229
 31
0.0
  0
LINE
  8
0
 10
7.08308630422
 20
-9.3976518229
 30
0.0
 11
6.97863619523
 21
-9.39915930592
 31
0.0
  0
LINE
  8
0
 10
6.97863619523
 20
-9.39915930592
 30
0.0
 11
6.8742545188
 21
-9.3953560595
 31
0.0
  0
LINE
  8
0
 10
6.8742545188
 20
-9.3953560595
 30
0.0
 11
6.770204403
 21
-9.38632657766
 31
0.0
  0
LINE
  8
0
 10
6.770204403
 20
-9.38632657766
 30
0.0
 11
6.66673729191
 21
-9.37216573108
 31
0.0
  0
LINE
  8
0
 10
6.66673729191
 20
-9.37216573108
 30
0.0
 11
6.5640929412
 21
-9.35297777561
 31
0.0
  0
LINE
  8
0
 10
6.5640929412
 20
-9.35297777561
 30
0.0
 11
6.46249946023
 21
-9.32887541482
 31
0.0
  0
LINE
  8
0
 10
6.46249946023
 20
-9.32887541482
 30
0.0
 11
6.362173395
 21
-9.29997891521
 31
0.0
  0
LINE
  8
0
 10
6.362173395
 20
-9.29997891521
 30
0.0
 11
6.26331984682
 21
-9.26641527218
 31
0.0
  0
LINE
  8
0
 10
6.26331984682
 20
-9.26641527218
 30
0.0
 11
6.1661326222
 21
-9.22831742525
 31
0.0
  0
LINE
  8
0
 10
6.1661326222
 20
-9.22831742525
 30
0.0
 11
6.07079440973
 21
-9.18582352063
 31
0.0
  0
LINE
  8
0
 10
6.07079440973
 20
-9.18582352063
 30
0.0
 11
5.9774769802
 21
-9.13907621924
 31
0.0
  0
LINE
  8
0
 10
5.9774769802
 20
-9.13907621924
 30
0.0
 11
5.88634140645
 21
-9.08822204841
 31
0.0
  0
LINE
  8
0
 10
5.88634140645
 20
-9.08822204841
 30
0.0
 11
5.79753830005
 21
-9.03341079537
 31
0.0
  0
LINE
  8
0
 10
5.79753830005
 20
-9.03341079537
 30
0.0
 11
5.71120806188
 21
-8.97479494056
 31
0.0
  0
LINE
  8
0
 10
5.71120806188
 20
-8.97479494056
 30
0.0
 11
5.62748114415
 21
-8.91252912906
 31
0.0
  0
LINE
  8
0
 10
5.62748114415
 20
-8.91252912906
 30
0.0
 11
5.54647832163
 21
-8.84676967825
 31
0.0
  0
LINE
  8
0
 10
5.54647832163
 20
-8.84676967825
 30
0.0
 11
5.46831097013
 21
-8.77767411994
 31
0.0
  0
ARC
  8
0
 10
7.12404001948
 20
-6.90455871636
 30
0.0
 40
2.5
 50
168.525120199
 51
228.5251202
  0
ARC
  8
0
 10
1.73397391301
 20
-5.81039813954
 30
0.0
 40
3.0
 50
348.5251202
 51
48.525120199
  0
LINE
  8
0
 10
7.02624170955
 20
-7.49583825272
 30
0.0
 11
7.00204265618
 21
-7.3895723024
 31
0.0
  0
LINE
  8
0
 10
7.00204265618
 20
-7.3895723024
 30
0.0
 11
6.99871996428
 21
-7.28085547592
 31
0.0
  0
LINE
  8
0
 10
6.99871996428
 20
-7.28085547592
 30
0.0
 11
7.01500915322
 21
-7.17350918327
 31
0.0
  0
LINE
  8
0
 10
7.01500915322
 20
-7.17350918327
 30
0.0
 11
7.04921382846
 21
-7.07064229701
 31
0.0
  0
LINE
  8
0
 10
7.04921382846
 20
-7.07064229701
 30
0.0
 11
7.09938642756
 21
-6.97471898328
 31
0.0
  0
LINE
  8
0
 10
7.09938642756
 20
-6.97471898328
 30
0.0
 11
7.16345942846
 21
-6.88763491408
 31
0.0
  0
LINE
  8
0
 10
7.16345942846
 20
-6.88763491408
 30
0.0
 11
7.23933908446
 21
-6.81079371657
 31
0.0
  0
LINE
  8
0
 10
7.23933908446
 20
-6.81079371657
 30
0.0
 11
7.32497103857
 21
-6.7451792785
 31
0.0
  0
LINE
  8
0
 10
7.32497103857
 20
-6.7451792785
 30
0.0
 11
7.41838497388
 21
-6.69142177004
 31
0.0
  0
LINE
  8
0
 10
7.41838497388
 20
-6.69142177004
 30
0.0
 11
7.51772373492
 21
-6.64985655982
 31
0.0
  0
LINE
  8
0
 10
7.51772373492
 20
-6.64985655982
 30
0.0
 11
7.62126102656
 21
-6.62057595794
 31
0.0
  0
LINE
  8
0
 10
7.62126102656
 20
-6.62057595794
 30
0.0
 11
7.7274107837
 21
-6.60347413194
 31
0.0
  0
LINE
  8
0
 10
7.7274107837
 20
-6.60347413194
 30
0.0
 11
7.83473053471
 21
-6.59828574903
 31
0.0
  0
LINE
  8
0
 10
7.83473053471
 20
-6.59828574903
 30
0.0
 11
7.94192049938
 21
-6.60461898229
 31
0.0
  0
LINE
  8
0
 10
7.94192049938
 20
-6.60461898229
 30
0.0
 11
8.04781972174
 21
-6.62198353159
 31
0.0
  0
LINE
  8
0
 10
8.04781972174
 20
-6.62198353159
 30
0.0
 11
8.15140020596
 21
-6.64981428306
 31
0.0
  0
LINE
  8
0
 10
8.15140020596
 20
-6.64981428306
 30
0.0
 11
8.25175977265
 21
-6.68749118402
 31
0.0
  0
LINE
  8
0
 10
8.25175977265
 20
-6.68749118402
 30
0.0
 11
8.3481141639
 21
-6.73435585391
 31
0.0
  0
LINE
  8
0
 10
8.3481141639
 20
-6.73435585391
 30
0.0
 11
8.4397887828
 21
-6.78972539371
 31
0.0
  0
LINE
  8
0
 10
8.4397887828
 20
-6.78972539371
 30
0.0
 11
8.52621034578
 21
-6.85290380013
 31
0.0
  0
LINE
  8
0
 10
8.52621034578
 20
-6.85290380013
 30
0.0
 11
8.6068986456
 21
-6.92319133877
 31
0.0
  0
LINE
  8
0
 10
8.6068986456
 20
-6.92319133877
 30
0.0
 11
8.68145856195
 21
-6.9998921826
 31
0.0
  0
LINE
  8
0
 10
8.68145856195
 20
-6.9998921826
 30
0.0
 11
8.74957241187
 21
-7.08232058033
 31
0.0
  0
LINE
  8
0
 10
8.74957241187
 20
-7.08232058033
 30
0.0
 11
8.810992698
 21
-7.16980578168
 31
0.0
  0
LINE
  8
0
 10
8.810992698
 20
-7.16980578168
 30
0.0
 11
8.86553528822
 21
-7.2616959143
 31
0.0
  0
LINE
  8
0
 10
8.86553528822
 20
-7.2616959143
 30
0.0
 11
8.91307304175
 21
-7.35736097866
 31
0.0
  0
LINE
  8
0
 10
8.91307304175
 20
-7.35736097866
 30
0.0
 11
8.95352988372
 21
-7.45619510307
 31
0.0
  0
LINE
  8
0
 10
8.95352988372
 20
-7.45619510307
 30
0.0
 11
8.98687532086
 21
-7.55761817987
 31
0.0
  0
LINE
  8
0
 10
8.98687532086
 20
-7.55761817987
 30
0.0
 11
9.01311938435
 21
-7.6610769858
 31
0.0
  0
LINE
  8
0
 10
9.01311938435
 20
-7.6610769858
 30
0.0
 11
9.03230798155
 21
-7.76604587441
 31
0.0
  0
LINE
  8
0
 10
9.03230798155
 20
-7.76604587441
 30
0.0
 11
9.04451863568
 21
-7.87202711465
 31
0.0
  0
LINE
  8
0
 10
9.04451863568
 20
-7.87202711465
 30
0.0
 11
9.04985659086
 21
-7.97855093905
 31
0.0
  0
LINE
  8
0
 10
9.04985659086
 20
-7.97855093905
 30
0.0
 11
9.0484512593
 21
-8.08517535485
 31
0.0
  0
LINE
  8
0
 10
9.0484512593
 20
-8.08517535485
 30
0.0
 11
9.04045298736
 21
-8.1914857634
 31
0.0
  0
LINE
  8
0
 10
9.04045298736
 20
-8.1914857634
 30
0.0
 11
9.02603011773
 21
-8.2970944261
 31
0.0
  0
LINE
  8
0
 10
9.02603011773
 20
-8.2970944261
 30
0.0
 11
9.00536632549
 21
-8.40163980924
 31
0.0
  0
LINE
  8
0
 10
9.00536632549
 20
-8.40163980924
 30
0.0
 11
8.9786582071
 21
-8.50478583473
 31
0.0
  0
LINE
  8
0
 10
8.9786582071
 20
-8.50478583473
 30
0.0
 11
8.9461131021
 21
-8.6062210598
 31
0.0
  0
LINE
  8
0
 10
8.9461131021
 20
-8.6062210598
 30
0.0
 11
8.90794712863
 21
-8.70565780464
 31
0.0
  0
LINE
  8
0
 10
8.90794712863
 20
-8.70565780464
 30
0.0
 11
8.86438341518
 21
-8.80283124411
 31
0.0
  0
LINE
  8
0
 10
8.86438341518
 20
-8.80283124411
 30
0.0
 11
8.81565051186
 21
-8.89749847665
 31
0.0
  0
LINE
  8
0
 10
8.81565051186
 20
-8.89749847665
 30
0.0
 11
8.76198096592
 21
-8.98943758166
 31
0.0
  0
LINE
  8
0
 10
8.76198096592
 20
-8.98943758166
 30
0.0
 11
8.70361004729
 21
-9.07844667431
 31
0.0
  0
LINE
  8
0
 10
8.70361004729
 20
-9.07844667431
 30
0.0
 11
8.64077461093
 21
-9.16434296522
 31
0.0
  0
LINE
  8
0
 10
8.64077461093
 20
-9.16434296522
 30
0.0
 11
8.57371208382
 21
-9.2469618312
 31
0.0
  0
LINE
  8
0
 10
8.57371208382
 20
-9.2469618312
 30
0.0
 11
8.50265956549
 21
-9.3261559018
 31
0.0
  0
LINE
  8
0
 10
8.50265956549
 20
-9.3261559018
 30
0.0
 11
8.42785303182
 21
-9.40179416565
 31
0.0
  0
LINE
  8
0
 10
8.42785303182
 20
-9.40179416565
 30
0.0
 11
8.34952663256
 21
-9.47376109962
 31
0.0
  0
LINE
  8
0
 10
8.34952663256
 20
-9.47376109962
 30
0.0
 11
8.26791207404
 21
-9.54195582304
 31
0.0
  0
LINE
  8
0
 10
8.26791207404
 20
-9.54195582304
 30
0.0
 11
8.18323807915
 21
-9.60629127883
 31
0.0
  0
LINE
  8
0
 10
8.18323807915
 20
-9.60629127883
 30
0.0
 11
8.09572991724
 21
-9.6666934427
 31
0.0
  0
LINE
  8
0
 10
8.09572991724
 20
-9.6666934427
 30
0.0
 11
8.00560899748
 21
-9.72310056127
 31
0.0
  0
LINE
  8
0
 10
8.00560899748
 20
-9.72310056127
 30
0.0
 11
7.91309251942
 21
-9.77546241951
 31
0.0
  0
LINE
  8
0
 10
7.91309251942
 20
-9.77546241951
 30
0.0
 11
7.81839317547
 21
-9.82373963772
 31
0.0
  0
LINE
  8
0
 10
7.81839317547
 20
-9.82373963772
 30
0.0
 11
7.72171890001
 21
-9.86790299798
 31
0.0
  0
LINE
  8
0
 10
7.72171890001
 20
-9.86790299798
 30
0.0
 11
7.62327266073
 21
-9.90793279981
 31
0.0
  0
LINE
  8
0
 10
7.62327266073
 20
-9.90793279981
 30
0.0
 11
7.52325228786
 21
-9.94381824456
 31
0.0
  0
LINE
  8
0
 10
7.52325228786
 20
-9.94381824456
 30
0.0
 11
7.42185033761
 21
-9.97555684803
 31
0.0
  0
LINE
  8
0
 10
7.42185033761
 20
-9.97555684803
 30
0.0
 11
7.31925398621
 21
-10.0031538808
 31
0.0
  0
LINE
  8
0
 10
7.31925398621
 20
-10.0031538808
 30
0.0
 11
7.21564495143
 21
-10.026621835
 31
0.0
  0
LINE
  8
0
 10
7.21564495143
 20
-10.026621835
 30
0.0
 11
7.11119943876
 21
-10.0459799178
 31
0.0
  0
LINE
  8
0
 10
7.11119943876
 20
-10.0459799178
 30
0.0
 11
7.00608810952
 21
-10.0612535697
 31
0.0
  0
LINE
  8
0
 10
7.00608810952
 20
-10.0612535697
 30
0.0
 11
6.9004760686
 21
-10.0724740069
 31
0.0
  0
LINE
  8
0
 10
6.9004760686
 20
-10.0724740069
 30
0.0
 11
6.79452286964
 21
-10.079677788
 31
0.0
  0
LINE
  8
0
 10
6.79452286964
 20
-10.079677788
 30
0.0
 11
6.68838253565
 21
-10.0829064024
 31
0.0
  0
LINE
  8
0
 10
6.68838253565
 20
-10.0829064024
 30
0.0
 11
6.58220359333
 21
-10.0822058812
 31
0.0
  0
LINE
  8
0
 10
6.58220359333
 20
-10.0822058812
 30
0.0
 11
6.47612911942
 21
-10.0776264284
 31
0.0
  0
LINE
  8
0
 10
6.47612911942
 20
-10.0776264284
 30
0.0
 11
6.37029679771
 21
-10.0692220722
 31
0.0
  0
LINE
  8
0
 10
6.37029679771
 20
-10.0692220722
 30
0.0
 11
6.26483898522
 21
-10.0570503357
 31
0.0
  0
LINE
  8
0
 10
6.26483898522
 20
-10.0570503357
 30
0.0
 11
6.15988278648
 21
-10.0411719251
 31
0.0
  0
LINE
  8
0
 10
6.15988278648
 20
-10.0411719251
 30
0.0
 11
6.05555013474
 21
-10.0216504363
 31
0.0
  0
LINE
  8
0
 10
6.05555013474
 20
-10.0216504363
 30
0.0
 11
5.95195787918
 21
-9.9985520774
 31
0.0
  0
LINE
  8
0
 10
5.95195787918
 20
-9.9985520774
 30
0.0
 11
5.84921787717
 21
-9.9719454075
 31
0.0
  0
LINE
  8
0
 10
5.84921787717
 20
-9.9719454075
 30
0.0
 11
5.74743709079
 21
-9.94190109021
 31
0.0
  0
LINE
  8
0
 10
5.74743709079
 20
-9.94190109021
 30
0.0
 11
5.64671768693
 21
-9.90849166191
 31
0.0
  0
LINE
  8
0
 10
5.64671768693
 20
-9.90849166191
 30
0.0
 11
5.54715714021
 21
-9.8717913135
 31
0.0
  0
LINE
  8
0
 10
5.54715714021
 20
-9.8717913135
 30
0.0
 11
5.44884833829
 21
-9.83187568521
 31
0.0
  0
LINE
  8
0
 10
5.44884833829
 20
-9.83187568521
 30
0.0
 11
5.35187968884
 21
-9.78882167379
 31
0.0
  0
LINE
  8
0
 10
5.35187968884
 20
-9.78882167379
 30
0.0
 11
5.25633522786
 21
-9.74270725139
 31
0.0
  0
LINE
  8
0
 10
5.25633522786
 20
-9.74270725139
 30
0.0
 11
5.16229472887
 21
-9.69361129564
 31
0.0
  0
LINE
  8
0
 10
5.16229472887
 20
-9.69361129564
 30
0.0
 11
5.06983381253
 21
-9.64161343029
 31
0.0
  0
LINE
  8
0
 10
5.06983381253
 20
-9.64161343029
 30
0.0
 11
4.97902405646
 21
-9.58679387593
 31
0.0
  0
LINE
  8
0
 10
4.97902405646
 20
-9.58679387593
 30
0.0
 11
4.88993310486
 21
-9.52923331013
 31
0.0
  0
LINE
  8
0
 10
4.88993310486
 20
-9.52923331013
 30
0.0
 11
4.80262477767
 21
-9.46901273671
 31
0.0
  0
LINE
  8
0
 10
4.80262477767
 20
-9.46901273671
 30
0.0
 11
4.71715917916
 21
-9.40621336346
 31
0.0
  0
LINE
  8
0
 10
4.71715917916
 20
-9.40621336346
 30
0.0
 11
4.63359280551
 21
-9.34091648803
 31
0.0
  0
LINE
  8
0
 10
4.63359280551
 20
-9.34091648803
 30
0.0
 11
4.55197865143
 21
-9.27320339144
 31
0.0
  0
ARC
  8
0
 10
3.27493743818
 20
-10.8124128443
 30
0.0
 40
2.0
 50
410.318406889
 51
110.318406889
  0
CIRCLE
  8
0
 10
7.65339700837
 20
-9.57063462066
 30
0.0
 40
0.138649179858
  0
CIRCLE
  8
0
 10
7.12338913676
 20
-9.69804243472
 30
0.0
 40
0.16474429566
  0
CIRCLE
  8
0
 10
6.52077121737
 20
-9.69237061502
 30
0.0
 40
0.19098225494
  0
CIRCLE
  8
0
 10
5.88465454387
 20
-9.52366343128
 30
0.0
 40
0.215223421386
  0
CIRCLE
  8
0
 10
5.26840169059
 20
-9.17924183029
 30
0.0
 40
0.234791235175
  0
CIRCLE
  8
0
 10
4.76135290283
 20
-8.7723548491
 30
0.0
 40
0.241537706698
  0
CIRCLE
  8
0
 10
4.1417856752
 20
-8.48472927507
 30
0.0
 40
0.249996908797
  0
CIRCLE
  8
0
 10
3.4467411817
 20
-8.40163597374
 30
0.0
 40
0.238162030205
  0
CIRCLE
  8
0
 10
2.7832486492
 20
-8.53275383679
 30
0.0
 40
0.227362379137
  0
CIRCLE
  8
0
 10
2.15692611785
 20
-8.69000572402
 30
0.0
 40
0.218048256652
  0
CIRCLE
  8
0
 10
1.52115434057
 20
-8.71032865309
 30
0.0
 40
0.210634616617
  0
CIRCLE
  8
0
 10
0.909700372126
 20
-8.60033090475
 30
0.0
 40
0.205038637091
  0
CIRCLE
  8
0
 10
0.34395646814
 20
-8.37201508055
 30
0.0
 40
0.201493754506
  0
CIRCLE
  8
0
 10
-0.158394465647
 20
-8.03849225473
 30
0.0
 40
0.200039453555
  0
CIRCLE
  8
0
 10
-0.562145074577
 20
-7.63769315902
 30
0.0
 40
0.170864290628
  0
CIRCLE
  8
0
 10
-0.85278365953
 20
-7.2212964595
 30
0.0
 40
0.139011409773
  0
CIRCLE
  8
0
 10
1.59925873827
 20
-5.92055796485
 30
0.0
 40
2.5
  0
ENDSEC
  0
EOF
